,Unnamed: 0,RecordingTime [ms],Time of Day [h:m:s:ms],Trial,Stimulus,Export Start Trial Time [ms],Export End Trial Time [ms],Participant,Color,Tracking Ratio [%],Category Group,Category Right,Category Left,Index Right,Index Left,Pupil Size Right X [px],Pupil Size Right Y [px],Pupil Diameter Right [mm],Pupil Size Left X [px],Pupil Size Left Y [px],Pupil Diameter Left [mm],Point of Regard Right X [px],Point of Regard Right Y [px],Point of Regard Left X [px],Point of Regard Left Y [px],AOI Name Right,AOI Name Left,Gaze Vector Right X,Gaze Vector Right Y,Gaze Vector Right Z,Gaze Vector Left X,Gaze Vector Left Y,Gaze Vector Left Z,Eye Position Right X [mm],Eye Position Right Y [mm],Eye Position Right Z [mm],Eye Position Left X [mm],Eye Position Left Y [mm],Eye Position Left Z [mm],Pupil Position Right X [px],Pupil Position Right Y [px],Pupil Position Left X [px],Pupil Position Left Y [px],Annotation Name,Annotation Description,Annotation Tags,Mouse Position X [px],Mouse Position Y [px],Scroll Direction X,Scroll Direction Y,Content
3749,3749,717138.613,11:43:05:347,Trial028,28 b triste joie.jpg,0.0,5990.451,20,DarkCyan,89.8096,Information,Separator,Separator,1,1,-,-,-,-,-,-,-,-,-,-,-,-,-,-,-,-,-,-,-,-,-,-,-,-,-,-,-,-,-,-,-,-,-,-,-,b triste joie.jpg
3750,3750,717222.007,11:43:05:430,Trial028,28 b triste joie.jpg,0.0,5990.451,20,DarkCyan,89.8096,Eye,Blink,Blink,1,1,0.0000,0.0000,2.6919,0.0000,0.0000,2.4374,0.0000,0.0000,0.0000,0.0000,-,-,0.0000,0.0000,0.0000,0.0000,0.0000,0.0000,0.0000,0.0000,0.0000,0.0000,0.0000,0.0000,0.0000,0.0000,0.0000,0.0000,-,-,-,-,-,-,-,-
3751,3751,717265.995,11:43:05:474,Trial028,28 b triste joie.jpg,0.0,5990.451,20,DarkCyan,89.8096,Eye,Blink,Blink,1,1,0.0000,0.0000,2.6919,0.0000,0.0000,2.4374,0.0000,0.0000,0.0000,0.0000,-,-,0.0000,0.0000,0.0000,0.0000,0.0000,0.0000,0.0000,0.0000,0.0000,0.0000,0.0000,0.0000,0.0000,0.0000,0.0000,0.0000,-,-,-,-,-,-,-,-
3752,3752,717310.124,11:43:05:519,Trial028,28 b triste joie.jpg,0.0,5990.451,20,DarkCyan,89.8096,Eye,Blink,Blink,1,1,0.0000,0.0000,2.6919,0.0000,0.0000,2.4374,0.0000,0.0000,0.0000,0.0000,-,-,0.0000,0.0000,0.0000,0.0000,0.0000,0.0000,0.0000,0.0000,0.0000,0.0000,0.0000,0.0000,0.0000,0.0000,0.0000,0.0000,-,-,-,-,-,-,-,-
3753,3753,717354.123,11:43:05:563,Trial028,28 b triste joie.jpg,0.0,5990.451,20,DarkCyan,89.8096,Eye,Blink,Blink,1,1,0.0000,0.0000,2.6919,0.0000,0.0000,2.4374,0.0000,0.0000,0.0000,0.0000,-,-,0.0000,0.0000,0.0000,0.0000,0.0000,0.0000,0.0000,0.0000,0.0000,0.0000,0.0000,0.0000,0.0000,0.0000,0.0000,0.0000,-,-,-,-,-,-,-,-
3754,3754,717398.124,11:43:05:607,Trial028,28 b triste joie.jpg,0.0,5990.451,20,DarkCyan,89.8096,Eye,Blink,Blink,1,1,0.0000,0.0000,2.6919,0.0000,0.0000,2.4374,0.0000,0.0000,0.0000,0.0000,-,-,0.0000,0.0000,0.0000,0.0000,0.0000,0.0000,0.0000,0.0000,0.0000,0.0000,0.0000,0.0000,0.0000,0.0000,0.0000,0.0000,-,-,-,-,-,-,-,-
3755,3755,717442.12,11:43:05:651,Trial028,28 b triste joie.jpg,0.0,5990.451,20,DarkCyan,89.8096,Eye,Blink,Blink,1,1,0.0000,0.0000,2.6919,0.0000,0.0000,2.4374,0.0000,0.0000,0.0000,0.0000,-,-,0.0000,0.0000,0.0000,0.0000,0.0000,0.0000,0.0000,0.0000,0.0000,0.0000,0.0000,0.0000,0.0000,0.0000,0.0000,0.0000,-,-,-,-,-,-,-,-
3756,3756,717599.418,11:43:05:808,Trial028,28 b triste joie.jpg,0.0,5990.451,20,DarkCyan,89.8096,Eye,Fixation,Blink,1,1,12.5331,12.5331,2.8072,0.0000,0.0000,2.4374,769.2863,711.1864,769.2863,711.1864,bouche joie,bouche joie,0.0000,0.0000,0.0000,0.0000,0.0000,0.0000,-19.8788,-58.2788,611.2622,0.0000,0.0000,0.0000,796.9994,750.0839,0.0000,0.0000,-,-,-,-,-,-,-,-
3757,3757,717619.29,11:43:05:828,Trial028,28 b triste joie.jpg,0.0,5990.451,20,DarkCyan,89.8096,Eye,Fixation,Fixation,1,1,12.0308,12.0308,2.6964,10.9386,10.9386,2.4403,773.0275,696.5078,773.0275,696.5078,bouche joie,bouche joie,0.0000,0.0000,0.0000,0.0000,0.0000,0.0000,-19.8779,-58.2766,611.2205,32.9898,-66.1684,605.9297,796.7722,749.9211,573.6360,785.1273,-,-,-,-,-,-,-,-
3758,3758,717639.16,11:43:05:848,Trial028,28 b triste joie.jpg,0.0,5990.451,20,DarkCyan,89.8096,Eye,Fixation,Fixation,1,1,12.0014,12.0014,2.6906,11.1402,11.1402,2.4856,772.5963,698.3265,772.5963,698.3265,bouche joie,bouche joie,0.0000,0.0000,0.0000,0.0000,0.0000,0.0000,-19.8719,-58.2884,611.3705,33.0219,-66.2042,606.2088,796.8023,749.9935,573.5877,785.3363,-,-,-,-,-,-,-,-
3759,3759,717659.03,11:43:05:867,Trial028,28 b triste joie.jpg,0.0,5990.451,20,DarkCyan,89.8096,Eye,Fixation,Fixation,1,1,12.3237,12.3237,2.7624,10.7057,10.7057,2.3913,770.9643,699.9677,770.9643,699.9677,bouche joie,bouche joie,0.0000,0.0000,0.0000,0.0000,0.0000,0.0000,-19.8814,-58.3193,611.5551,33.0304,-66.2091,606.4220,796.8685,750.2393,573.6704,785.1699,-,-,-,-,-,-,-,-
3760,3760,717678.909,11:43:05:887,Trial028,28 b triste joie.jpg,0.0,5990.451,20,DarkCyan,89.8096,Eye,Fixation,Fixation,1,1,11.6586,11.6586,2.6174,10.7735,10.7735,2.4081,771.6188,699.7878,771.6188,699.7878,bouche joie,bouche joie,0.0000,0.0000,0.0000,0.0000,0.0000,0.0000,-19.8799,-58.3431,611.9018,33.0774,-66.2647,606.9076,796.5734,750.0230,573.6816,785.3332,-,-,-,-,-,-,-,-
3761,3761,717698.787,11:43:05:907,Trial028,28 b triste joie.jpg,0.0,5990.451,20,DarkCyan,89.8096,Eye,Fixation,Fixation,1,1,11.1002,11.1002,2.4950,9.5154,9.5154,2.1332,773.3899,679.2463,773.3899,679.2463,bouche joie,bouche joie,0.0000,0.0000,0.0000,0.0000,0.0000,0.0000,-19.8777,-58.3878,612.0803,33.1105,-66.2789,607.1531,796.6215,749.6614,573.3596,784.7335,-,-,-,-,-,-,-,-
3762,3762,717718.66,11:43:05:927,Trial028,28 b triste joie.jpg,0.0,5990.451,20,DarkCyan,89.8096,Eye,Saccade,Saccade,1,1,10.2758,10.2758,2.3138,9.3219,9.3219,2.0916,778.3305,674.9548,778.3305,674.9548,bouche joie,bouche joie,0.0000,0.0000,0.0000,0.0000,0.0000,0.0000,-19.8781,-58.4030,612.2497,33.1514,-66.3033,607.4044,796.2272,749.6393,573.2950,784.8570,-,-,-,-,-,-,-,-
3763,3763,717738.654,11:43:05:947,Trial028,28 b triste joie.jpg,0.0,5990.451,20,DarkCyan,89.8096,Eye,Saccade,Saccade,1,1,10.1710,10.1710,2.2902,9.1801,9.1801,2.0617,876.3416,675.1380,876.3416,675.1380,bouche joie,bouche joie,0.0000,0.0000,0.0000,0.0000,0.0000,0.0000,-19.6185,-58.3403,612.1273,33.3884,-66.3185,607.7380,794.2841,749.6978,571.5550,784.6560,-,-,-,-,-,-,-,-
3764,3764,717758.532,11:43:05:967,Trial028,28 b triste joie.jpg,0.0,5990.451,20,DarkCyan,89.8096,Eye,Fixation,Fixation,2,2,8.8738,8.8738,2.0031,8.9357,8.9357,2.0088,928.9142,671.6962,928.9142,671.6962,bouche joie,bouche joie,0.0000,0.0000,0.0000,0.0000,0.0000,0.0000,-19.2474,-58.3234,611.8528,33.6458,-66.3606,607.9498,792.4122,749.4718,569.6731,785.0134,-,-,-,-,-,-,-,-
3765,3765,717778.403,11:43:05:987,Trial028,28 b triste joie.jpg,0.0,5990.451,20,DarkCyan,89.8096,Eye,Fixation,Fixation,2,2,8.5522,8.5522,1.9316,7.9633,7.9633,1.7959,957.3749,667.3878,957.3749,667.3878,bouche joie,bouche joie,0.0000,0.0000,0.0000,0.0000,0.0000,0.0000,-19.2015,-58.3218,611.6591,33.6845,-66.4051,608.1550,792.1493,749.7945,568.9842,784.7308,-,-,-,-,-,-,-,-
3766,3766,717798.288,11:43:06:007,Trial028,28 b triste joie.jpg,0.0,5990.451,20,DarkCyan,89.8096,Eye,Fixation,Fixation,2,2,0.0000,0.0000,2.3523,8.3106,8.3106,1.8714,937.9757,677.7775,937.9757,677.7775,bouche joie,bouche joie,0.0000,0.0000,0.0000,0.0000,0.0000,0.0000,-19.2015,-58.3218,611.6591,33.7360,-66.4131,607.9019,0.0000,0.0000,569.1084,785.3353,-,-,-,-,-,-,-,-
3767,3767,717818.154,11:43:06:027,Trial028,28 b triste joie.jpg,0.0,5990.451,20,DarkCyan,89.8096,Eye,Fixation,Fixation,2,2,11.0877,11.0877,2.4913,7.1114,7.1114,2.1005,960.2589,663.1460,960.2589,663.1460,bouche joie,bouche joie,0.0000,0.0000,0.0000,0.0000,0.0000,0.0000,-19.1461,-58.3859,611.8802,33.8063,-66.4080,607.5942,791.6108,749.5779,568.5429,785.2802,-,-,-,-,-,-,-,-
3768,3768,717838.033,11:43:06:046,Trial028,28 b triste joie.jpg,0.0,5990.451,20,DarkCyan,89.8096,Eye,Fixation,Fixation,2,2,10.4660,10.4660,2.3551,0.0000,0.0000,2.1005,983.1365,667.7832,983.1365,667.7832,bouche joie,bouche joie,0.0000,0.0000,0.0000,0.0000,0.0000,0.0000,-19.0894,-58.3925,612.1040,33.8063,-66.4080,607.5942,791.2621,749.8976,0.0000,0.0000,-,-,-,-,-,-,-,-
3769,3769,717857.914,11:43:06:066,Trial028,28 b triste joie.jpg,0.0,5990.451,20,DarkCyan,89.8096,Eye,Fixation,Fixation,2,2,10.5016,10.5016,2.3639,10.2448,10.2448,2.2960,972.0371,662.0674,972.0371,662.0674,bouche joie,bouche joie,0.0000,0.0000,0.0000,0.0000,0.0000,0.0000,-19.0817,-58.4205,612.3609,33.8866,-66.5092,607.8573,791.1970,749.8559,568.2848,785.4106,-,-,-,-,-,-,-,-
3770,3770,717877.78,11:43:06:086,Trial028,28 b triste joie.jpg,0.0,5990.451,20,DarkCyan,89.8096,Eye,Fixation,Fixation,2,2,9.6786,9.6786,2.1827,10.0442,10.0442,2.2527,978.2488,659.6105,978.2488,659.6105,bouche joie,bouche joie,0.0000,0.0000,0.0000,0.0000,0.0000,0.0000,-19.0606,-58.4100,612.4451,33.9024,-66.5375,608.0498,790.9607,749.6443,568.2183,785.5341,-,-,-,-,-,-,-,-
3771,3771,717897.779,11:43:06:106,Trial028,28 b triste joie.jpg,0.0,5990.451,20,DarkCyan,89.8096,Eye,Fixation,Fixation,2,2,9.6187,9.6187,2.1698,10.1950,10.1950,2.2861,974.1111,657.2349,974.1111,657.2349,bouche joie,bouche joie,0.0000,0.0000,0.0000,0.0000,0.0000,0.0000,-19.0620,-58.4002,612.5368,33.9136,-66.5561,608.1455,791.1133,749.4704,568.2713,785.5781,-,-,-,-,-,-,-,-
3772,3772,717917.657,11:43:06:126,Trial028,28 b triste joie.jpg,0.0,5990.451,20,DarkCyan,89.8096,Eye,Fixation,Fixation,2,2,9.3787,9.3787,2.1171,9.8195,9.8195,2.2049,968.4462,657.4412,968.4462,657.4412,bouche joie,bouche joie,0.0000,0.0000,0.0000,0.0000,0.0000,0.0000,-19.0753,-58.3787,612.6313,33.9145,-66.5983,608.4832,791.4179,749.3839,568.3267,785.6487,-,-,-,-,-,-,-,-
3773,3773,717937.525,11:43:06:146,Trial028,28 b triste joie.jpg,0.0,5990.451,20,DarkCyan,89.8096,Eye,Fixation,Fixation,2,2,9.3222,9.3222,2.1050,9.3597,9.3597,2.1050,963.3687,658.0229,963.3687,658.0229,bouche joie,bouche joie,0.0000,0.0000,0.0000,0.0000,0.0000,0.0000,-19.0793,-58.3409,612.7416,33.9300,-66.6384,608.8287,791.4030,749.5807,568.5667,785.3496,-,-,-,-,-,-,-,-
3774,3774,717957.405,11:43:06:166,Trial028,28 b triste joie.jpg,0.0,5990.451,20,DarkCyan,89.8096,Eye,Fixation,Fixation,2,2,9.3189,9.3189,2.1037,9.0586,9.0586,2.0386,962.6743,658.6846,962.6743,658.6846,bouche joie,bouche joie,0.0000,0.0000,0.0000,0.0000,0.0000,0.0000,-19.0833,-58.3166,612.5866,33.8950,-66.6330,608.7659,791.4663,749.7410,568.6695,785.2551,-,-,-,-,-,-,-,-
3775,3775,717977.282,11:43:06:186,Trial028,28 b triste joie.jpg,0.0,5990.451,20,DarkCyan,89.8096,Eye,Fixation,Fixation,2,2,9.3673,9.3673,2.1144,9.2345,9.2345,2.0768,968.2385,659.2711,968.2385,659.2711,bouche joie,bouche joie,0.0000,0.0000,0.0000,0.0000,0.0000,0.0000,-19.1276,-58.2903,612.5887,33.8825,-66.6166,608.6350,791.5481,749.5853,568.5315,785.3246,-,-,-,-,-,-,-,-
3776,3776,717997.141,11:43:06:206,Trial028,28 b triste joie.jpg,0.0,5990.451,20,DarkCyan,89.8096,Eye,Saccade,Saccade,2,2,8.1110,8.1110,1.8361,9.2502,9.2502,2.0798,968.0548,655.0012,968.0548,655.0012,bouche joie,bouche joie,0.0000,0.0000,0.0000,0.0000,0.0000,0.0000,-19.1793,-58.2708,612.2512,33.8608,-66.5875,608.4854,791.8235,748.9289,568.5447,785.4433,-,-,-,-,-,-,-,-
3777,3777,718017.022,11:43:06:225,Trial028,28 b triste joie.jpg,0.0,5990.451,20,DarkCyan,89.8096,Eye,Saccade,Saccade,2,2,7.4461,7.4461,1.6890,8.8076,8.8076,1.9819,966.8700,611.0952,966.8700,611.0952,joie droite,joie droite,0.0000,0.0000,0.0000,0.0000,0.0000,0.0000,-19.1964,-58.2533,612.0688,33.8137,-66.5382,608.3153,791.8500,748.1432,568.9898,784.9737,-,-,-,-,-,-,-,-
3778,3778,718037.028,11:43:06:245,Trial028,28 b triste joie.jpg,0.0,5990.451,20,DarkCyan,89.8096,Eye,Saccade,Saccade,2,2,8.5975,8.5975,1.9435,8.8498,8.8498,1.9915,966.4920,671.2344,966.4920,671.2344,bouche joie,bouche joie,0.0000,0.0000,0.0000,0.0000,0.0000,0.0000,-19.2476,-58.2664,612.2762,33.7718,-66.4737,608.4233,792.1176,749.9872,569.0000,785.2229,-,-,-,-,-,-,-,-
3779,3779,718056.905,11:43:06:265,Trial028,28 b triste joie.jpg,0.0,5990.451,20,DarkCyan,89.8096,Eye,Blink,Saccade,2,2,5.6896,5.6896,2.0329,7.7392,7.7392,1.7474,741.6811,555.7648,741.6811,555.7648,joie droite,joie droite,0.0000,0.0000,0.0000,0.0000,0.0000,0.0000,-19.5490,-58.2157,612.3092,33.4218,-66.4085,608.4231,796.1889,747.0957,572.1664,784.1698,-,-,-,-,-,-,-,-
3780,3780,718076.771,11:43:06:285,Trial028,28 b triste joie.jpg,0.0,5990.451,20,DarkCyan,89.8096,Eye,Blink,Saccade,2,2,7.0182,7.0182,1.5958,7.3510,7.3510,1.6619,593.1307,532.9806,593.1307,532.9806,White Space,White Space,0.0000,0.0000,0.0000,0.0000,0.0000,0.0000,-20.2317,-58.2173,612.4996,32.7195,-66.3464,608.4060,799.8515,746.9371,577.4310,783.5144,-,-,-,-,-,-,-,-
3781,3781,718096.652,11:43:06:305,Trial028,28 b triste joie.jpg,0.0,5990.451,20,DarkCyan,89.8096,Eye,Blink,Saccade,2,2,7.2536,7.2536,1.6476,7.7459,7.7459,1.7482,386.2593,613.2884,386.2593,613.2884,triste gauche,triste gauche,0.0000,0.0000,0.0000,0.0000,0.0000,0.0000,-20.7327,-58.2032,612.4405,32.0901,-66.3019,608.2712,804.2397,748.1813,582.0524,783.9301,-,-,-,-,-,-,-,-
3782,3782,718116.529,11:43:06:325,Trial028,28 b triste joie.jpg,0.0,5990.451,20,DarkCyan,89.8096,Eye,Blink,Saccade,2,2,0.0000,0.0000,1.8984,6.5407,6.5407,1.4838,341.6997,596.9595,341.6997,596.9595,triste gauche,triste gauche,0.0000,0.0000,0.0000,0.0000,0.0000,0.0000,-20.7327,-58.2032,612.4405,31.9098,-66.3557,608.4395,0.0000,0.0000,583.3116,783.9939,-,-,-,-,-,-,-,-
3783,3783,718136.397,11:43:06:345,Trial028,28 b triste joie.jpg,0.0,5990.451,20,DarkCyan,89.8096,Eye,Fixation,Fixation,3,3,11.4340,11.4340,1.8984,0.0000,0.0000,1.8386,329.8624,669.0971,329.8624,669.0971,bouche triste,bouche triste,0.0000,0.0000,0.0000,0.0000,0.0000,0.0000,-20.9802,-58.2628,612.6607,31.9098,-66.3557,608.4395,805.9809,749.1458,0.0000,0.0000,-,-,-,-,-,-,-,-
3784,3784,718156.284,11:43:06:365,Trial028,28 b triste joie.jpg,0.0,5990.451,20,DarkCyan,89.8096,Eye,Fixation,Fixation,3,3,11.3570,11.3570,1.8984,10.0721,10.0721,2.2606,313.0255,629.2603,313.0255,629.2603,triste gauche,triste gauche,0.0000,0.0000,0.0000,0.0000,0.0000,0.0000,-20.9985,-58.2645,612.7262,31.9196,-66.4112,608.6708,806.3673,748.8245,583.6036,784.3484,-,-,-,-,-,-,-,-
3785,3785,718176.151,11:43:06:385,Trial028,28 b triste joie.jpg,0.0,5990.451,20,DarkCyan,89.8096,Eye,Fixation,Fixation,3,3,11.3052,11.3052,1.8984,9.8867,9.8867,2.2213,302.8537,645.2179,302.8537,645.2179,bouche triste,bouche triste,0.0000,0.0000,0.0000,0.0000,0.0000,0.0000,-21.0006,-58.2701,612.7832,31.9537,-66.4469,609.0563,806.4071,748.9870,583.6636,784.6000,-,-,-,-,-,-,-,-
3786,3786,718196.148,11:43:06:405,Trial028,28 b triste joie.jpg,0.0,5990.451,20,DarkCyan,89.8096,Eye,Fixation,Fixation,3,3,11.2533,11.2533,1.8984,10.1796,10.1796,2.2850,301.3338,628.0759,301.3338,628.0759,triste gauche,triste gauche,0.0000,0.0000,0.0000,0.0000,0.0000,0.0000,-20.9998,-58.2751,612.8409,31.9906,-66.4348,608.8656,806.3428,748.6789,583.4290,784.5574,-,-,-,-,-,-,-,-
3787,3787,718216.025,11:43:06:424,Trial028,28 b triste joie.jpg,0.0,5990.451,20,DarkCyan,89.8096,Eye,Fixation,Fixation,3,3,11.6672,11.6672,1.8984,10.4543,10.4543,2.3452,311.4927,650.0021,311.4927,650.0021,bouche triste,bouche triste,0.0000,0.0000,0.0000,0.0000,0.0000,0.0000,-20.9750,-58.2943,612.8927,32.0388,-66.4292,608.8052,805.8355,749.1379,583.1196,784.7217,-,-,-,-,-,-,-,-
3788,3788,718235.898,11:43:06:444,Trial028,28 b triste joie.jpg,0.0,5990.451,20,DarkCyan,89.8096,Eye,Fixation,Fixation,3,3,12.5311,12.5311,2.8141,10.5689,10.5689,2.3700,307.3777,652.6690,307.3777,652.6690,bouche triste,bouche triste,0.0000,0.0000,0.0000,0.0000,0.0000,0.0000,-20.9480,-58.2794,612.8310,32.0751,-66.4420,608.6979,805.8640,749.2328,583.0424,784.7166,-,-,-,-,-,-,-,-
3789,3789,718255.776,11:43:06:464,Trial028,28 b triste joie.jpg,0.0,5990.451,20,DarkCyan,89.8096,Eye,Fixation,Fixation,3,3,12.2520,12.2520,2.0640,11.0969,11.0969,2.4855,312.2743,654.4657,312.2743,654.4657,bouche triste,bouche triste,0.0000,0.0000,0.0000,0.0000,0.0000,0.0000,-20.9340,-58.3076,612.8894,32.0735,-66.4303,608.5647,805.8994,749.1177,582.6498,785.0656,-,-,-,-,-,-,-,-
3790,3790,718275.647,11:43:06:484,Trial028,28 b triste joie.jpg,0.0,5990.451,20,DarkCyan,89.8096,Eye,Fixation,Fixation,3,3,12.9857,12.9857,2.0640,11.4590,11.4590,2.5651,314.0781,656.9516,314.0781,656.9516,bouche triste,bouche triste,0.0000,0.0000,0.0000,0.0000,0.0000,0.0000,-20.9114,-58.3227,612.7649,32.1312,-66.5024,608.5497,805.5357,749.4587,582.6534,785.1767,-,-,-,-,-,-,-,-
3791,3791,718295.527,11:43:06:504,Trial028,28 b triste joie.jpg,0.0,5990.451,20,DarkCyan,89.8096,Eye,Fixation,Fixation,3,3,13.0368,13.0368,2.0640,11.6258,11.6258,2.6021,313.3028,657.7358,313.3028,657.7358,bouche triste,bouche triste,0.0000,0.0000,0.0000,0.0000,0.0000,0.0000,-20.8626,-58.2847,612.2751,32.1599,-66.5460,608.6240,805.5387,749.4367,582.5132,785.3488,-,-,-,-,-,-,-,-
3792,3792,718315.399,11:43:06:524,Trial028,28 b triste joie.jpg,0.0,5990.451,20,DarkCyan,89.8096,Eye,Fixation,Fixation,3,3,13.2396,13.2396,2.0640,11.4780,11.4780,2.5688,313.1530,662.8097,313.1530,662.8097,bouche triste,bouche triste,0.0000,0.0000,0.0000,0.0000,0.0000,0.0000,-20.8424,-58.2164,611.8311,32.1734,-66.5052,608.4374,805.5177,749.4311,582.4297,785.3900,-,-,-,-,-,-,-,-
3793,3793,718335.275,11:43:06:544,Trial028,28 b triste joie.jpg,0.0,5990.451,20,DarkCyan,89.8096,Eye,Saccade,Saccade,3,3,13.4165,13.4165,2.0640,11.4400,11.4400,2.5593,312.4848,665.7797,312.4848,665.7797,bouche triste,bouche triste,0.0000,0.0000,0.0000,0.0000,0.0000,0.0000,-20.8129,-58.1494,611.4232,32.1849,-66.4311,608.1654,805.3095,749.3705,582.4423,785.2155,-,-,-,-,-,-,-,-
3794,3794,718355.281,11:43:06:564,Trial028,28 b triste joie.jpg,0.0,5990.451,20,DarkCyan,89.8096,Eye,Fixation,Fixation,4,4,12.8208,12.8208,2.8703,11.5833,11.5833,2.5910,307.1738,530.3243,307.1738,530.3243,triste gauche,triste gauche,0.0000,0.0000,0.0000,0.0000,0.0000,0.0000,-20.7244,-57.9612,611.1910,32.1232,-66.2703,608.2437,805.4049,746.8773,582.7043,783.1417,-,-,-,-,-,-,-,-
3795,3795,718375.145,11:43:06:584,Trial028,28 b triste joie.jpg,0.0,5990.451,20,DarkCyan,89.8096,Eye,Fixation,Fixation,4,4,13.4732,13.4732,2.2102,11.8051,11.8051,2.6394,313.5304,488.9899,313.5304,488.9899,triste gauche,triste gauche,0.0000,0.0000,0.0000,0.0000,0.0000,0.0000,-20.6750,-57.8760,611.4204,32.0859,-66.1359,608.1792,804.7601,746.1019,582.6794,781.8443,-,-,-,-,-,-,-,-
3796,3796,718395.017,11:43:06:603,Trial028,28 b triste joie.jpg,0.0,5990.451,20,DarkCyan,89.8096,Eye,Fixation,Fixation,4,4,13.3517,13.3517,2.2102,11.7011,11.7011,2.6183,302.9558,440.9474,302.9558,440.9474,yeux triste,yeux triste,0.0000,0.0000,0.0000,0.0000,0.0000,0.0000,-20.5694,-57.7334,610.9737,32.3740,-66.1669,608.5863,804.3482,745.3280,582.5084,781.2445,-,-,-,-,-,-,-,-
3797,3797,718414.897,11:43:06:623,Trial028,28 b triste joie.jpg,0.0,5990.451,20,DarkCyan,89.8096,Eye,Fixation,Fixation,4,4,13.4579,13.4579,2.2102,11.9747,11.9747,2.6800,306.4855,497.4916,306.4855,497.4916,triste gauche,triste gauche,0.0000,0.0000,0.0000,0.0000,0.0000,0.0000,-20.5301,-57.6582,610.4076,32.3949,-65.9719,608.9776,804.3654,745.3063,582.1293,781.5638,-,-,-,-,-,-,-,-
3798,3798,718434.768,11:43:06:643,Trial028,28 b triste joie.jpg,0.0,5990.451,20,DarkCyan,89.8096,Eye,Fixation,Fixation,4,4,13.4787,13.4787,2.2102,11.5348,11.5348,2.5849,304.7370,480.4461,304.7370,480.4461,yeux triste,yeux triste,0.0000,0.0000,0.0000,0.0000,0.0000,0.0000,-20.4697,-57.6010,610.3521,32.4148,-66.0125,609.3533,804.2729,744.9982,581.9205,781.1582,-,-,-,-,-,-,-,-
3799,3799,718454.642,11:43:06:663,Trial028,28 b triste joie.jpg,0.0,5990.451,20,DarkCyan,89.8096,Eye,Fixation,Fixation,4,4,13.3659,13.3659,2.2102,11.6502,11.6502,2.6118,309.4805,474.3810,309.4805,474.3810,yeux triste,yeux triste,0.0000,0.0000,0.0000,0.0000,0.0000,0.0000,-20.4524,-57.5569,610.4005,32.4340,-66.0516,609.7139,804.1484,744.7562,581.5937,781.0237,-,-,-,-,-,-,-,-
3800,3800,718474.514,11:43:06:683,Trial028,28 b triste joie.jpg,0.0,5990.451,20,DarkCyan,89.8096,Eye,Fixation,Fixation,4,4,13.3793,13.3793,2.9893,11.5775,11.5775,2.5973,304.1329,442.1109,304.1329,442.1109,yeux triste,yeux triste,0.0000,0.0000,0.0000,0.0000,0.0000,0.0000,-20.4308,-57.5360,610.4318,32.4524,-66.0891,610.0602,804.3888,744.2042,581.5325,780.6410,-,-,-,-,-,-,-,-
3801,3801,718494.39,11:43:06:703,Trial028,28 b triste joie.jpg,0.0,5990.451,20,DarkCyan,89.8096,Eye,Fixation,Fixation,4,4,13.4078,13.4078,2.9956,11.4456,11.4456,2.5697,306.7718,450.9184,306.7718,450.9184,yeux triste,yeux triste,0.0000,0.0000,0.0000,0.0000,0.0000,0.0000,-20.4345,-57.4628,610.4475,32.4701,-66.1251,610.3925,804.2780,744.3603,581.3669,780.4854,-,-,-,-,-,-,-,-
3802,3802,718514.395,11:43:06:723,Trial028,28 b triste joie.jpg,0.0,5990.451,20,DarkCyan,89.8096,Eye,Saccade,Saccade,4,4,13.9177,13.9177,3.1090,11.6388,11.6388,2.6135,309.6061,503.7369,309.6061,503.7369,triste gauche,triste gauche,0.0000,0.0000,0.0000,0.0000,0.0000,0.0000,-20.4334,-57.4133,610.7010,32.4871,-65.9215,610.7121,803.9698,744.5253,581.4383,780.5851,-,-,-,-,-,-,-,-
3803,3803,718534.273,11:43:06:743,Trial028,28 b triste joie.jpg,0.0,5990.451,20,DarkCyan,89.8096,Eye,Saccade,Saccade,4,4,13.5344,13.5344,3.0254,11.6161,11.6161,2.6099,296.3639,486.4246,296.3639,486.4246,yeux triste,yeux triste,0.0000,0.0000,0.0000,0.0000,0.0000,0.0000,-20.4273,-57.3900,610.8365,32.7419,-65.9546,611.0187,803.9040,744.0382,581.3182,780.4511,-,-,-,-,-,-,-,-
3804,3804,718554.142,11:43:06:763,Trial028,28 b triste joie.jpg,0.0,5990.451,20,DarkCyan,89.8096,Eye,Saccade,Saccade,4,4,13.5033,13.5033,3.0186,11.9162,11.9162,2.6774,298.3671,481.6416,298.3671,481.6416,yeux triste,yeux triste,0.0000,0.0000,0.0000,0.0000,0.0000,0.0000,-20.4078,-57.3660,610.8598,32.7577,-65.9864,611.3130,803.8354,743.7935,581.0024,780.4028,-,-,-,-,-,-,-,-
3805,3805,718574.026,11:43:06:782,Trial028,28 b triste joie.jpg,0.0,5990.451,20,DarkCyan,89.8096,Eye,Saccade,Saccade,4,4,13.5669,13.5669,3.0330,11.6121,11.6121,2.6114,296.5965,475.8141,296.5965,475.8141,yeux triste,yeux triste,0.0000,0.0000,0.0000,0.0000,0.0000,0.0000,-20.4006,-57.3619,610.9303,32.7728,-66.0169,611.5956,803.8369,743.7532,581.0431,780.2420,-,-,-,-,-,-,-,-
3806,3806,718593.893,11:43:06:802,Trial028,28 b triste joie.jpg,0.0,5990.451,20,DarkCyan,89.8096,Eye,Fixation,Fixation,5,5,13.1906,13.1906,2.9497,11.6396,11.6396,2.6171,437.4883,447.3998,437.4883,447.3998,yeux triste,yeux triste,0.0000,0.0000,0.0000,0.0000,0.0000,0.0000,-20.1497,-57.3012,610.8638,32.9073,-66.1499,611.4736,801.5042,743.1270,578.7663,780.2139,-,-,-,-,-,-,-,-
3807,3807,718613.775,11:43:06:822,Trial028,28 b triste joie.jpg,0.0,5990.451,20,DarkCyan,89.8096,Eye,Fixation,Fixation,5,5,13.1209,13.1209,2.9347,11.3120,11.3120,2.5441,434.4870,444.4214,434.4870,444.4214,yeux triste,yeux triste,0.0000,0.0000,0.0000,0.0000,0.0000,0.0000,-19.9951,-57.2679,610.9279,32.9918,-66.1157,611.3191,800.9152,743.0977,578.4360,779.9103,-,-,-,-,-,-,-,-
3808,3808,718633.646,11:43:06:842,Trial028,28 b triste joie.jpg,0.0,5990.451,20,DarkCyan,89.8096,Eye,Fixation,Fixation,5,5,13.2664,13.2664,2.9678,11.1908,11.1908,2.5169,434.2583,446.7823,434.2583,446.7823,yeux triste,yeux triste,0.0000,0.0000,0.0000,0.0000,0.0000,0.0000,-19.9758,-57.2286,611.1728,33.0082,-66.0983,611.2011,800.7530,743.0337,578.3510,779.8747,-,-,-,-,-,-,-,-
3809,3809,718653.515,11:43:06:862,Trial028,28 b triste joie.jpg,0.0,5990.451,20,DarkCyan,89.8096,Eye,Fixation,Fixation,5,5,13.5174,13.5174,3.0244,11.3664,11.3664,2.5548,439.7846,453.6294,439.7846,453.6294,yeux triste,yeux triste,0.0000,0.0000,0.0000,0.0000,0.0000,0.0000,-19.9856,-57.1951,611.4454,33.0209,-65.9704,611.0175,800.5490,742.8455,578.0745,779.6821,-,-,-,-,-,-,-,-
3810,3810,718673.525,11:43:06:882,Trial028,28 b triste joie.jpg,0.0,5990.451,20,DarkCyan,89.8096,Eye,Fixation,Fixation,5,5,12.9987,12.9987,2.9107,11.5334,11.5334,2.5904,441.0100,433.9224,441.0100,433.9224,yeux triste,yeux triste,0.0000,0.0000,0.0000,0.0000,0.0000,0.0000,-19.9802,-57.1399,611.5575,33.0387,-65.8986,610.7196,800.6255,742.1311,577.9266,779.1635,-,-,-,-,-,-,-,-
3811,3811,718693.397,11:43:06:902,Trial028,28 b triste joie.jpg,0.0,5990.451,20,DarkCyan,89.8096,Eye,Fixation,Fixation,5,5,13.2412,13.2412,2.9653,11.3213,11.3213,2.5430,446.6795,433.8326,446.6795,433.8326,yeux triste,yeux triste,0.0000,0.0000,0.0000,0.0000,0.0000,0.0000,-19.9723,-56.9657,611.8233,33.0542,-65.6661,610.5795,800.2938,741.4881,577.7759,778.1364,-,-,-,-,-,-,-,-
3812,3812,718713.273,11:43:06:922,Trial028,28 b triste joie.jpg,0.0,5990.451,20,DarkCyan,89.8096,Eye,Fixation,Fixation,5,5,13.5033,13.5033,3.0225,11.3440,11.3440,2.5474,444.1779,441.9045,444.1779,441.9045,yeux triste,yeux triste,0.0000,0.0000,0.0000,0.0000,0.0000,0.0000,-19.9456,-56.7503,611.7281,33.0930,-65.4343,610.4551,800.4849,740.8833,577.6858,777.4088,-,-,-,-,-,-,-,-
3813,3813,718733.148,11:43:06:942,Trial028,28 b triste joie.jpg,0.0,5990.451,20,DarkCyan,89.8096,Eye,Fixation,Fixation,5,5,13.7474,13.7474,3.0734,11.4740,11.4740,2.5765,443.6640,451.7575,443.6640,451.7575,yeux triste,yeux triste,0.0000,0.0000,0.0000,0.0000,0.0000,0.0000,-19.8255,-56.4973,611.1664,33.1761,-65.2143,610.6038,800.0435,740.2161,577.4438,776.6001,-,-,-,-,-,-,-,-
3814,3814,718753.022,11:43:06:961,Trial028,28 b triste joie.jpg,0.0,5990.451,20,DarkCyan,89.8096,Eye,Fixation,Fixation,5,5,13.4174,13.4174,3.0021,11.9652,11.9652,2.6841,444.2832,452.7992,444.2832,452.7992,yeux triste,yeux triste,0.0000,0.0000,0.0000,0.0000,0.0000,0.0000,-19.7307,-56.3179,611.4744,33.2442,-64.9741,610.4556,799.6567,739.0716,576.9819,776.0492,-,-,-,-,-,-,-,-
3815,3815,718772.894,11:43:06:981,Trial028,28 b triste joie.jpg,0.0,5990.451,20,DarkCyan,89.8096,Eye,Fixation,Fixation,5,5,13.1731,13.1731,2.9462,12.1030,12.1030,2.7141,442.1196,443.8187,442.1196,443.8187,yeux triste,yeux triste,0.0000,0.0000,0.0000,0.0000,0.0000,0.0000,-19.6182,-56.0775,611.0662,33.3430,-64.7830,610.3705,799.3894,738.1225,576.6574,774.9811,-,-,-,-,-,-,-,-
3816,3816,718792.774,11:43:07:001,Trial028,28 b triste joie.jpg,0.0,5990.451,20,DarkCyan,89.8096,Eye,Fixation,Fixation,5,5,13.3523,13.3523,2.9862,11.6736,11.6736,2.6192,442.4340,435.4431,442.4340,435.4431,yeux triste,yeux triste,0.0000,0.0000,0.0000,0.0000,0.0000,0.0000,-19.4906,-55.9153,611.1854,33.4815,-64.6514,610.3321,798.7517,737.3259,576.0159,774.0722,-,-,-,-,-,-,-,-
3817,3817,718812.646,11:43:07:021,Trial028,28 b triste joie.jpg,0.0,5990.451,20,DarkCyan,89.8096,Eye,Saccade,Saccade,5,5,13.8566,13.8566,3.0947,11.7742,11.7742,2.6415,446.1234,444.3100,446.1234,444.3100,yeux triste,yeux triste,0.0000,0.0000,0.0000,0.0000,0.0000,0.0000,-19.3140,-55.6968,610.7130,33.6079,-64.4810,610.3692,797.8510,736.8588,575.3436,773.6337,-,-,-,-,-,-,-,-
3818,3818,718832.636,11:43:07:041,Trial028,28 b triste joie.jpg,0.0,5990.451,20,DarkCyan,89.8096,Eye,Saccade,Saccade,5,5,13.9091,13.9091,3.1070,11.8240,11.8240,2.6539,524.8497,450.8126,524.8497,450.8126,yeux triste,yeux triste,0.0000,0.0000,0.0000,0.0000,0.0000,0.0000,-19.0050,-55.6945,610.8654,33.9174,-64.4948,610.6862,795.8130,736.8978,573.2556,773.6733,-,-,-,-,-,-,-,-
3819,3819,718852.516,11:43:07:061,Trial028,28 b triste joie.jpg,0.0,5990.451,20,DarkCyan,89.8096,Eye,Saccade,Saccade,5,5,13.8351,13.8351,3.0923,12.1979,12.1979,2.7391,749.8854,452.0539,749.8854,452.0539,joie droite,joie droite,0.0000,0.0000,0.0000,0.0000,0.0000,0.0000,-18.3085,-55.7424,611.2010,34.5625,-64.5562,611.2591,790.8804,736.9951,568.1930,773.5420,-,-,-,-,-,-,-,-
3820,3820,718872.388,11:43:07:081,Trial028,28 b triste joie.jpg,0.0,5990.451,20,DarkCyan,89.8096,Eye,Fixation,Fixation,6,6,13.8897,13.8897,3.1057,12.0375,12.0375,2.7042,930.6387,437.8344,930.6387,437.8344,yeux joie,yeux joie,0.0000,0.0000,0.0000,0.0000,0.0000,0.0000,-17.6305,-55.9287,611.4824,35.1555,-64.7487,611.3312,786.0098,737.5154,564.0481,773.8360,-,-,-,-,-,-,-,-
3821,3821,718892.265,11:43:07:101,Trial028,28 b triste joie.jpg,0.0,5990.451,20,DarkCyan,89.8096,Eye,Fixation,Fixation,6,6,14.1314,14.1314,3.1595,12.5459,12.5459,2.8178,920.0287,455.9203,920.0287,455.9203,yeux joie,yeux joie,0.0000,0.0000,0.0000,0.0000,0.0000,0.0000,-17.4158,-56.0075,611.5968,35.3635,-64.8406,611.6007,785.1529,738.0997,563.5591,774.7709,-,-,-,-,-,-,-,-
3822,3822,718912.144,11:43:07:121,Trial028,28 b triste joie.jpg,0.0,5990.451,20,DarkCyan,89.8096,Eye,Fixation,Fixation,6,6,14.0233,14.0233,3.1350,12.2205,12.2205,2.7469,931.2529,453.6583,931.2529,453.6583,yeux joie,yeux joie,0.0000,0.0000,0.0000,0.0000,0.0000,0.0000,-17.2673,-56.0510,611.4638,35.5600,-64.9983,611.7859,784.1320,738.3175,562.5756,775.0628,-,-,-,-,-,-,-,-
3823,3823,718932.015,11:43:07:140,Trial028,28 b triste joie.jpg,0.0,5990.451,20,DarkCyan,89.8096,Eye,Fixation,Fixation,6,6,14.0271,14.0271,3.1374,12.7382,12.7382,2.8603,928.2515,459.2126,928.2515,459.2126,yeux joie,yeux joie,0.0000,0.0000,0.0000,0.0000,0.0000,0.0000,-17.1049,-56.2428,611.7501,35.7211,-65.0818,611.5677,783.6666,738.8302,561.8946,776.0212,-,-,-,-,-,-,-,-
3824,3824,718951.882,11:43:07:160,Trial028,28 b triste joie.jpg,0.0,5990.451,20,DarkCyan,89.8096,Eye,Fixation,Fixation,6,6,14.4674,14.4674,3.2337,12.5142,12.5142,2.8107,929.2886,457.1060,929.2886,457.1060,yeux joie,yeux joie,0.0000,0.0000,0.0000,0.0000,0.0000,0.0000,-14.9964,-54.4666,611.8266,37.8107,-63.3773,611.5914,774.7839,731.5944,553.1490,768.3660,-,-,-,-,-,-,-,-
3825,3825,718971.767,11:43:07:180,Trial028,28 b triste joie.jpg,0.0,5990.451,20,DarkCyan,89.8096,Eye,Fixation,Fixation,6,6,14.2995,14.2995,3.1975,12.9744,12.9744,2.9136,930.3234,458.8322,930.3234,458.8322,yeux joie,yeux joie,0.0000,0.0000,0.0000,0.0000,0.0000,0.0000,-16.7546,-56.5118,611.7634,36.0824,-65.4613,611.7457,782.0528,739.9905,560.4600,777.4061,-,-,-,-,-,-,-,-
3826,3826,718991.636,11:43:07:200,Trial028,28 b triste joie.jpg,0.0,5990.451,20,DarkCyan,89.8096,Eye,Fixation,Fixation,6,6,14.3434,14.3434,3.2069,12.4144,12.4144,2.7902,929.1809,449.5471,929.1809,449.5471,yeux joie,yeux joie,0.0000,0.0000,0.0000,0.0000,0.0000,0.0000,-16.5990,-56.7119,611.6976,36.2312,-65.6109,611.7941,781.5271,740.4981,559.8937,777.7077,-,-,-,-,-,-,-,-
3827,3827,719011.518,11:43:07:220,Trial028,28 b triste joie.jpg,0.0,5990.451,20,DarkCyan,89.8096,Eye,Fixation,Fixation,6,6,14.0776,14.0776,3.1490,12.7272,12.7272,2.8606,929.3443,452.0582,929.3443,452.0582,yeux joie,yeux joie,0.0000,0.0000,0.0000,0.0000,0.0000,0.0000,-16.4566,-56.8099,611.8042,36.3689,-65.8236,612.0426,781.0344,741.2177,559.2146,778.2196,-,-,-,-,-,-,-,-
3828,3828,719031.517,11:43:07:240,Trial028,28 b triste joie.jpg,0.0,5990.451,20,DarkCyan,89.8096,Eye,Fixation,Fixation,6,6,14.3406,14.3406,3.2065,12.6586,12.6586,2.8454,930.2945,448.3693,930.2945,448.3693,yeux joie,yeux joie,0.0000,0.0000,0.0000,0.0000,0.0000,0.0000,-16.3581,-56.9542,611.7194,36.4666,-65.9299,612.0201,780.4993,741.5494,558.8214,778.9088,-,-,-,-,-,-,-,-
3829,3829,719051.386,11:43:07:260,Trial028,28 b triste joie.jpg,0.0,5990.451,20,DarkCyan,89.8096,Eye,Fixation,Fixation,6,6,14.3499,14.3499,3.2092,12.7231,12.7231,2.8615,933.3313,449.4428,933.3313,449.4428,yeux joie,yeux joie,0.0000,0.0000,0.0000,0.0000,0.0000,0.0000,-16.2622,-56.9926,611.8459,36.5582,-66.0768,612.3905,779.9940,741.9434,558.3414,779.2953,-,-,-,-,-,-,-,-
3830,3830,719071.266,11:43:07:280,Trial028,28 b triste joie.jpg,0.0,5990.451,20,DarkCyan,89.8096,Eye,Fixation,Fixation,6,6,14.5526,14.5526,3.2554,12.8936,12.8936,2.8996,932.9109,444.6447,932.9109,444.6447,yeux joie,yeux joie,0.0000,0.0000,0.0000,0.0000,0.0000,0.0000,-16.1748,-57.0028,612.1350,36.6578,-65.9969,612.4715,779.7422,741.8024,558.0349,778.7901,-,-,-,-,-,-,-,-
3831,3831,719091.139,11:43:07:300,Trial028,28 b triste joie.jpg,0.0,5990.451,20,DarkCyan,89.8096,Eye,Saccade,Saccade,6,6,14.6209,14.6209,3.2696,12.9873,12.9873,2.9198,933.9318,456.8603,933.9318,456.8603,yeux joie,yeux joie,0.0000,0.0000,0.0000,0.0000,0.0000,0.0000,-16.0738,-56.8375,611.9877,36.7464,-65.8826,612.3757,779.2823,741.6049,557.6376,778.6623,-,-,-,-,-,-,-,-
3832,3832,719111.016,11:43:07:319,Trial028,28 b triste joie.jpg,0.0,5990.451,20,DarkCyan,89.8096,Eye,Fixation,Fixation,7,7,15.0945,15.0945,3.3743,13.0884,13.0884,2.9416,997.2850,526.8265,997.2850,526.8265,joie droite,joie droite,0.0000,0.0000,0.0000,0.0000,0.0000,0.0000,-15.7337,-56.8811,612.0414,36.9602,-65.8501,612.2484,777.1479,742.3234,555.8580,779.5367,-,-,-,-,-,-,-,-
3833,3833,719130.891,11:43:07:339,Trial028,28 b triste joie.jpg,0.0,5990.451,20,DarkCyan,89.8096,Eye,Fixation,Fixation,7,7,15.1387,15.1387,3.3831,13.3202,13.3202,2.9924,971.1481,540.5837,971.1481,540.5837,joie droite,joie droite,0.0000,0.0000,0.0000,0.0000,0.0000,0.0000,-15.6103,-56.8024,611.8894,37.0643,-65.8406,612.1479,776.7787,742.3263,555.7616,779.3823,-,-,-,-,-,-,-,-
3834,3834,719150.757,11:43:07:359,Trial028,28 b triste joie.jpg,0.0,5990.451,20,DarkCyan,89.8096,Eye,Fixation,Fixation,7,7,15.0663,15.0663,3.3672,13.2877,13.2877,2.9856,983.2498,547.2517,983.2498,547.2517,joie droite,joie droite,0.0000,0.0000,0.0000,0.0000,0.0000,0.0000,-15.4437,-56.7718,611.8978,37.2141,-65.8486,612.2217,776.0413,742.2398,555.0873,779.4922,-,-,-,-,-,-,-,-
3835,3835,719170.641,11:43:07:379,Trial028,28 b triste joie.jpg,0.0,5990.451,20,DarkCyan,89.8096,Eye,Fixation,Fixation,7,7,14.8900,14.8900,3.3299,13.4342,13.4342,3.0171,993.2621,546.4382,993.2621,546.4382,joie droite,joie droite,0.0000,0.0000,0.0000,0.0000,0.0000,0.0000,-15.3039,-56.7928,612.2002,37.3286,-65.8577,612.0216,775.3664,741.9590,554.4664,779.7314,-,-,-,-,-,-,-,-
3836,3836,719190.639,11:43:07:399,Trial028,28 b triste joie.jpg,0.0,5990.451,20,DarkCyan,89.8096,Eye,Fixation,Fixation,7,7,14.8825,14.8825,3.3276,13.4364,13.4364,3.0184,1003.8401,544.1844,1003.8401,544.1844,joie droite,joie droite,0.0000,0.0000,0.0000,0.0000,0.0000,0.0000,-15.1358,-56.8020,612.0762,37.4723,-65.9560,612.1670,774.7067,742.1300,553.5794,779.8164,-,-,-,-,-,-,-,-
3837,3837,719210.499,11:43:07:419,Trial028,28 b triste joie.jpg,0.0,5990.451,20,DarkCyan,89.8096,Eye,Fixation,Fixation,7,7,15.3367,15.3367,3.4286,13.4323,13.4323,3.0184,981.9083,544.2431,981.9083,544.2431,joie droite,joie droite,0.0000,0.0000,0.0000,0.0000,0.0000,0.0000,-14.9566,-56.9828,612.2227,37.6925,-66.0902,612.3273,774.1368,742.7374,553.2579,780.4385,-,-,-,-,-,-,-,-
3838,3838,719230.385,11:43:07:439,Trial028,28 b triste joie.jpg,0.0,5990.451,20,DarkCyan,89.8096,Eye,Fixation,Fixation,7,7,15.0216,15.0216,3.3593,13.0554,13.0554,2.9341,988.7439,539.8255,988.7439,539.8255,joie droite,joie droite,0.0000,0.0000,0.0000,0.0000,0.0000,0.0000,-14.7327,-57.0438,612.2488,37.8852,-66.2807,612.0977,772.9159,743.2312,552.5638,780.7917,-,-,-,-,-,-,-,-
3839,3839,719250.253,11:43:07:459,Trial028,28 b triste joie.jpg,0.0,5990.451,20,DarkCyan,89.8096,Eye,Fixation,Fixation,7,7,15.4662,15.4662,3.4585,13.4519,13.4519,3.0208,992.0945,542.6321,992.0945,542.6321,joie droite,joie droite,0.0000,0.0000,0.0000,0.0000,0.0000,0.0000,-14.5024,-57.2653,612.4391,38.0656,-66.3850,611.8764,772.1698,743.9603,551.3950,781.7895,-,-,-,-,-,-,-,-
3840,3840,719270.126,11:43:07:479,Trial028,28 b triste joie.jpg,0.0,5990.451,20,DarkCyan,89.8096,Eye,Fixation,Fixation,7,7,15.1725,15.1725,3.3932,13.3045,13.3045,2.9893,992.5199,543.9876,992.5199,543.9876,joie droite,joie droite,0.0000,0.0000,0.0000,0.0000,0.0000,0.0000,-12.2789,-58.3023,612.3136,40.2831,-67.5062,611.8348,762.7714,748.3571,542.2882,786.6099,-,-,-,-,-,-,-,-
3841,3841,719290.014,11:43:07:498,Trial028,28 b triste joie.jpg,0.0,5990.451,20,DarkCyan,89.8096,Eye,Fixation,Fixation,7,7,15.5718,15.5718,3.4821,13.8358,13.8358,3.1060,990.5224,551.8813,990.5224,551.8813,joie droite,joie droite,0.0000,0.0000,0.0000,0.0000,0.0000,0.0000,-13.8002,-57.5264,612.4895,38.6979,-66.7506,611.8674,769.3737,745.3909,548.8106,783.6744,-,-,-,-,-,-,-,-
3842,3842,719309.882,11:43:07:518,Trial028,28 b triste joie.jpg,0.0,5990.451,20,DarkCyan,89.8096,Eye,Fixation,Fixation,7,7,15.6370,15.6370,3.4979,13.6003,13.6003,3.0545,992.6868,553.6626,992.6868,553.6626,joie droite,joie droite,0.0000,0.0000,0.0000,0.0000,0.0000,0.0000,-13.3328,-57.7824,612.7219,39.1446,-66.9659,611.9218,767.4394,746.4448,546.7864,784.3393,-,-,-,-,-,-,-,-
3843,3843,719329.882,11:43:07:538,Trial028,28 b triste joie.jpg,0.0,5990.451,20,DarkCyan,89.8096,Eye,Fixation,Fixation,7,7,15.2943,15.2943,3.4237,13.4394,13.4394,3.0191,992.4157,551.6036,992.4157,551.6036,joie droite,joie droite,0.0000,0.0000,0.0000,0.0000,0.0000,0.0000,-12.8467,-58.0443,612.9764,39.6568,-67.2174,611.9058,765.1704,747.1453,544.7182,785.3845,-,-,-,-,-,-,-,-
3844,3844,719349.757,11:43:07:558,Trial028,28 b triste joie.jpg,0.0,5990.451,20,DarkCyan,89.8096,Eye,Fixation,Fixation,7,7,14.7150,14.7150,3.2962,13.4321,13.4321,3.0182,997.5650,550.4497,997.5650,550.4497,joie droite,joie droite,0.0000,0.0000,0.0000,0.0000,0.0000,0.0000,-12.3123,-58.3115,613.0363,40.1843,-67.5065,611.9815,762.5884,748.0198,542.4939,786.6775,-,-,-,-,-,-,-,-
3845,3845,719369.625,11:43:07:578,Trial028,28 b triste joie.jpg,0.0,5990.451,20,DarkCyan,89.8096,Eye,Fixation,Fixation,7,7,15.2965,15.2965,3.4258,13.3808,13.3808,3.0063,992.1156,548.8909,992.1156,548.8909,joie droite,joie droite,0.0000,0.0000,0.0000,0.0000,0.0000,0.0000,-11.7014,-58.5057,613.2546,40.7238,-67.7155,611.8112,760.4333,748.7251,540.3701,787.5220,-,-,-,-,-,-,-,-
3846,3846,719389.499,11:43:07:598,Trial028,28 b triste joie.jpg,0.0,5990.451,20,DarkCyan,89.8096,Eye,Saccade,Saccade,7,7,14.6760,14.6760,3.2886,13.4839,13.4839,3.0290,990.2551,514.0528,990.2551,514.0528,joie droite,joie droite,0.0000,0.0000,0.0000,0.0000,0.0000,0.0000,-8.2909,-58.5577,613.2794,44.0509,-67.9068,611.5433,746.1028,748.2857,526.5445,787.8275,-,-,-,-,-,-,-,-
3847,3847,719409.384,11:43:07:618,Trial028,28 b triste joie.jpg,0.0,5990.451,20,DarkCyan,89.8096,Eye,Fixation,Fixation,8,8,14.9508,14.9508,3.3496,13.4695,13.4695,3.0259,897.2892,492.7201,897.2892,492.7201,yeux joie,yeux joie,0.0000,0.0000,0.0000,0.0000,0.0000,0.0000,-10.6785,-58.5684,613.2868,41.6195,-68.1292,611.6945,757.0138,748.3109,537.6682,788.4420,-,-,-,-,-,-,-,-
3848,3848,719429.261,11:43:07:638,Trial028,28 b triste joie.jpg,0.0,5990.451,20,DarkCyan,89.8096,Eye,Fixation,Fixation,8,8,15.1252,15.1252,3.3877,13.7986,13.7986,3.1002,899.3845,485.6411,899.3845,485.6411,yeux joie,yeux joie,0.0000,0.0000,0.0000,0.0000,0.0000,0.0000,-10.1247,-58.6624,613.2077,42.1441,-68.4116,611.9379,754.4909,748.5307,535.6382,789.7250,-,-,-,-,-,-,-,-
3849,3849,719449.124,11:43:07:658,Trial028,28 b triste joie.jpg,0.0,5990.451,20,DarkCyan,89.8096,Eye,Fixation,Fixation,8,8,15.5335,15.5335,3.4792,13.9477,13.9477,3.1349,887.1305,503.9760,887.1305,503.9760,joie droite,joie droite,0.0000,0.0000,0.0000,0.0000,0.0000,0.0000,-9.4979,-58.8958,613.4253,42.7305,-68.8739,612.1751,752.2331,749.7255,533.3614,791.7494,-,-,-,-,-,-,-,-
3850,3850,719469.008,11:43:07:677,Trial028,28 b triste joie.jpg,0.0,5990.451,20,DarkCyan,89.8096,Eye,Fixation,Fixation,8,8,14.8989,14.8989,3.3396,13.1653,13.1653,2.9634,889.7431,470.2890,889.7431,470.2890,yeux joie,yeux joie,0.0000,0.0000,0.0000,0.0000,0.0000,0.0000,-8.8667,-59.2885,613.5273,43.3301,-69.4575,612.4457,749.3664,750.8289,530.8846,793.5224,-,-,-,-,-,-,-,-
3851,3851,719489.001,11:43:07:697,Trial028,28 b triste joie.jpg,0.0,5990.451,20,DarkCyan,89.8096,Eye,Fixation,Fixation,8,8,15.4268,15.4268,3.4574,13.7190,13.7190,3.0884,883.6162,476.9485,883.6162,476.9485,yeux joie,yeux joie,0.0000,0.0000,0.0000,0.0000,0.0000,0.0000,-5.4121,-60.6888,613.6189,46.7747,-71.1055,612.4680,735.2357,756.8543,516.5865,800.6388,-,-,-,-,-,-,-,-
3852,3852,719508.877,11:43:07:717,Trial028,28 b triste joie.jpg,0.0,5990.451,20,DarkCyan,89.8096,Eye,Fixation,Fixation,8,8,15.1977,15.1977,3.4078,13.9586,13.9586,3.1418,885.8884,488.3770,885.8884,488.3770,yeux joie,yeux joie,0.0000,0.0000,0.0000,0.0000,0.0000,0.0000,-7.6778,-60.0618,613.8612,44.4399,-70.7334,612.7424,744.4512,754.1364,526.3134,799.4645,-,-,-,-,-,-,-,-
3853,3853,719528.753,11:43:07:737,Trial028,28 b triste joie.jpg,0.0,5990.451,20,DarkCyan,89.8096,Eye,Fixation,Fixation,8,8,15.6375,15.6375,3.5051,13.4971,13.4971,3.0403,889.8121,484.8292,889.8121,484.8292,yeux joie,yeux joie,0.0000,0.0000,0.0000,0.0000,0.0000,0.0000,-7.0911,-60.2999,613.8413,44.9653,-71.2885,612.8118,742.0846,755.4868,523.7968,801.2156,-,-,-,-,-,-,-,-
3854,3854,719548.627,11:43:07:757,Trial028,28 b triste joie.jpg,0.0,5990.451,20,DarkCyan,89.8096,Eye,Fixation,Fixation,8,8,15.2936,15.2936,3.4302,13.5413,13.5413,3.0504,885.3289,479.3723,885.3289,479.3723,yeux joie,yeux joie,0.0000,0.0000,0.0000,0.0000,0.0000,0.0000,-6.4417,-60.5137,614.0362,45.5668,-71.6501,612.7848,739.4922,755.9509,521.6264,802.8166,-,-,-,-,-,-,-,-
3855,3855,719568.502,11:43:07:777,Trial028,28 b triste joie.jpg,0.0,5990.451,20,DarkCyan,89.8096,Eye,Saccade,Saccade,8,8,15.1248,15.1248,3.3934,13.8005,13.8005,3.1086,889.9041,482.7957,889.9041,482.7957,yeux joie,yeux joie,0.0000,0.0000,0.0000,0.0000,0.0000,0.0000,-5.8846,-60.5770,614.1451,46.1143,-72.0133,612.8429,736.7157,756.4244,519.3567,804.3554,-,-,-,-,-,-,-,-
3856,3856,719588.376,11:43:07:797,Trial028,28 b triste joie.jpg,0.0,5990.451,20,DarkCyan,89.8096,Eye,Saccade,Saccade,8,8,14.9994,14.9994,3.3670,12.7467,12.7467,2.8769,787.8122,461.8072,787.8122,461.8072,yeux joie,yeux joie,0.0000,0.0000,0.0000,0.0000,0.0000,0.0000,-2.6752,-61.7124,614.3026,49.2469,-73.2525,612.8999,724.5880,760.4355,507.4415,809.0160,-,-,-,-,-,-,-,-
3857,3857,719608.383,11:43:07:817,Trial028,28 b triste joie.jpg,0.0,5990.451,20,DarkCyan,89.8096,Eye,Saccade,Saccade,8,8,15.1200,15.1200,3.3917,12.7936,12.7936,2.8850,589.4631,451.1961,589.4631,451.1961,White Space,White Space,0.0000,0.0000,0.0000,0.0000,0.0000,0.0000,-5.5229,-60.7395,614.0022,46.2295,-72.5098,612.7259,738.6992,756.5078,521.7267,805.8845,-,-,-,-,-,-,-,-
3858,3858,719628.262,11:43:07:837,Trial028,28 b triste joie.jpg,0.0,5990.451,20,DarkCyan,89.8096,Eye,Fixation,Fixation,9,9,15.4518,15.4518,3.4647,12.3910,12.3910,2.7967,411.1289,442.1937,411.1289,442.1937,yeux triste,yeux triste,0.0000,0.0000,0.0000,0.0000,0.0000,0.0000,-5.5372,-60.7764,613.9417,46.1324,-72.7826,612.9276,740.3515,756.9522,524.2142,806.7317,-,-,-,-,-,-,-,-
3859,3859,719648.13,11:43:07:857,Trial028,28 b triste joie.jpg,0.0,5990.451,20,DarkCyan,89.8096,Eye,Fixation,Fixation,9,9,14.9825,14.9825,3.3617,13.1430,13.1430,2.9630,410.5451,444.6249,410.5451,444.6249,yeux triste,yeux triste,0.0000,0.0000,0.0000,0.0000,0.0000,0.0000,-5.3908,-60.8869,614.0761,46.2270,-73.0091,612.7751,739.8163,757.1015,523.7078,808.2541,-,-,-,-,-,-,-,-
3860,3860,719668.003,11:43:07:876,Trial028,28 b triste joie.jpg,0.0,5990.451,20,DarkCyan,89.8096,Eye,Fixation,Fixation,9,9,14.9264,14.9264,3.3473,13.0519,13.0519,2.9439,400.4111,441.3580,400.4111,441.3580,yeux triste,yeux triste,0.0000,0.0000,0.0000,0.0000,0.0000,0.0000,-5.2611,-60.9786,613.7039,46.3490,-73.3250,612.9662,739.5292,757.6625,523.4954,809.4382,-,-,-,-,-,-,-,-
3861,3861,719687.88,11:43:07:896,Trial028,28 b triste joie.jpg,0.0,5990.451,20,DarkCyan,89.8096,Eye,Fixation,Fixation,9,9,14.9349,14.9349,3.3489,12.8670,12.8670,2.9033,405.2234,437.6661,405.2234,437.6661,yeux triste,yeux triste,0.0000,0.0000,0.0000,0.0000,0.0000,0.0000,-5.2871,-61.0426,613.6301,46.2788,-73.5657,613.0413,739.4436,757.9385,523.5514,810.3304,-,-,-,-,-,-,-,-
3862,3862,719707.755,11:43:07:916,Trial028,28 b triste joie.jpg,0.0,5990.451,20,DarkCyan,89.8096,Eye,Fixation,Fixation,9,9,14.9508,14.9508,3.3539,12.8850,12.8850,2.9083,401.9044,436.2762,401.9044,436.2762,yeux triste,yeux triste,0.0000,0.0000,0.0000,0.0000,0.0000,0.0000,-5.4231,-61.1395,613.9084,46.1434,-73.8065,613.2281,739.9862,758.3109,524.4522,811.2459,-,-,-,-,-,-,-,-
3863,3863,719727.752,11:43:07:936,Trial028,28 b triste joie.jpg,0.0,5990.451,20,DarkCyan,89.8096,Eye,Fixation,Fixation,9,9,15.1427,15.1427,3.3970,12.8396,12.8396,2.8985,407.0984,442.8052,407.0984,442.8052,yeux triste,yeux triste,0.0000,0.0000,0.0000,0.0000,0.0000,0.0000,-5.6448,-61.1863,614.0116,45.9227,-73.9274,613.2865,740.7852,758.4504,525.0484,812.0749,-,-,-,-,-,-,-,-
3864,3864,719747.618,11:43:07:956,Trial028,28 b triste joie.jpg,0.0,5990.451,20,DarkCyan,89.8096,Eye,Fixation,Fixation,9,9,14.9237,14.9237,3.3487,13.3448,13.3448,3.0116,407.7131,436.3748,407.7131,436.3748,yeux triste,yeux triste,0.0000,0.0000,0.0000,0.0000,0.0000,0.0000,-5.9182,-61.2197,614.0374,45.6708,-74.1021,613.4661,741.9523,758.4680,526.2219,812.5273,-,-,-,-,-,-,-,-
3865,3865,719767.504,11:43:07:976,Trial028,28 b triste joie.jpg,0.0,5990.451,20,DarkCyan,89.8096,Eye,Fixation,Fixation,9,9,15.2708,15.2708,3.4255,13.0635,13.0635,2.9508,408.5037,434.1918,408.5037,434.1918,yeux triste,yeux triste,0.0000,0.0000,0.0000,0.0000,0.0000,0.0000,-6.2026,-61.2031,614.0322,45.3698,-74.1813,613.8473,743.2304,758.4074,527.5067,812.5941,-,-,-,-,-,-,-,-
3866,3866,719787.375,11:43:07:996,Trial028,28 b triste joie.jpg,0.0,5990.451,20,DarkCyan,89.8096,Eye,Fixation,Fixation,9,9,15.4411,15.4411,3.4646,13.0141,13.0141,2.9403,409.5360,436.1116,409.5360,436.1116,yeux triste,yeux triste,0.0000,0.0000,0.0000,0.0000,0.0000,0.0000,-6.5932,-61.1900,614.2930,45.0172,-74.2058,613.9792,744.6577,758.6048,529.1720,812.6401,-,-,-,-,-,-,-,-
3867,3867,719807.241,11:43:08:016,Trial028,28 b triste joie.jpg,0.0,5990.451,20,DarkCyan,89.8096,Eye,Fixation,Fixation,9,9,15.2829,15.2829,3.4296,13.0375,13.0375,2.9486,410.1071,436.3471,410.1071,436.3471,yeux triste,yeux triste,0.0000,0.0000,0.0000,0.0000,0.0000,0.0000,-6.9601,-64.0237,613.9954,44.6753,-77.1308,614.2933,746.2509,770.3393,530.6383,824.7296,-,-,-,-,-,-,-,-
3868,3868,719827.246,11:43:08:036,Trial028,28 b triste joie.jpg,0.0,5990.451,20,DarkCyan,89.8096,Eye,Fixation,Fixation,9,9,15.3467,15.3467,3.4422,13.2373,13.2373,2.9918,404.4959,435.9874,404.4959,435.9874,yeux triste,yeux triste,0.0000,0.0000,0.0000,0.0000,0.0000,0.0000,-7.3668,-61.2000,614.0017,44.3154,-74.2850,614.4129,748.1600,758.2890,532.5295,812.9307,-,-,-,-,-,-,-,-
3869,3869,719847.117,11:43:08:056,Trial028,28 b triste joie.jpg,0.0,5990.451,20,DarkCyan,89.8096,Eye,Fixation,Fixation,9,9,15.7660,15.7660,3.5351,13.2721,13.2721,2.9999,409.9467,436.4433,409.9467,436.4433,yeux triste,yeux triste,0.0000,0.0000,0.0000,0.0000,0.0000,0.0000,-7.8307,-61.2199,614.0334,43.8588,-74.2725,614.5222,749.9549,758.3090,533.9447,812.8121,-,-,-,-,-,-,-,-
3870,3870,719867.003,11:43:08:075,Trial028,28 b triste joie.jpg,0.0,5990.451,20,DarkCyan,89.8096,Eye,Fixation,Fixation,9,9,15.9701,15.9701,3.5816,13.5993,13.5993,3.0731,410.3265,439.6332,410.3265,439.6332,yeux triste,yeux triste,0.0000,0.0000,0.0000,0.0000,0.0000,0.0000,-8.2723,-61.3000,614.2428,43.4805,-74.2818,614.6239,751.6162,758.9811,535.7789,812.8092,-,-,-,-,-,-,-,-
3871,3871,719886.874,11:43:08:095,Trial028,28 b triste joie.jpg,0.0,5990.451,20,DarkCyan,89.8096,Eye,Fixation,Fixation,9,9,15.7922,15.7922,3.5402,13.4664,13.4664,3.0440,417.0461,443.3099,417.0461,443.3099,yeux triste,yeux triste,0.0000,0.0000,0.0000,0.0000,0.0000,0.0000,-8.6387,-61.3811,613.8803,43.1519,-74.2986,614.7395,753.0453,759.4374,536.8491,812.9704,-,-,-,-,-,-,-,-
3872,3872,719906.744,11:43:08:115,Trial028,28 b triste joie.jpg,0.0,5990.451,20,DarkCyan,89.8096,Eye,Fixation,Fixation,9,9,15.6916,15.6916,3.5179,13.0304,13.0304,2.9475,418.4915,445.8345,418.4915,445.8345,yeux triste,yeux triste,0.0000,0.0000,0.0000,0.0000,0.0000,0.0000,-9.0502,-61.4595,613.8577,42.7456,-74.3244,614.8894,754.9777,759.9627,538.5157,812.7782,-,-,-,-,-,-,-,-
3873,3873,719926.616,11:43:08:135,Trial028,28 b triste joie.jpg,0.0,5990.451,20,DarkCyan,89.8096,Eye,Fixation,Fixation,9,9,15.4784,15.4784,3.4719,13.1157,13.1157,2.9670,420.0413,448.9772,420.0413,448.9772,yeux triste,yeux triste,0.0000,0.0000,0.0000,0.0000,0.0000,0.0000,-12.3653,-62.4643,613.8988,39.5412,-75.2699,615.0851,768.6458,764.2719,552.1291,816.5475,-,-,-,-,-,-,-,-
3874,3874,719946.623,11:43:08:155,Trial028,28 b triste joie.jpg,0.0,5990.451,20,DarkCyan,89.8096,Eye,Fixation,Fixation,9,9,15.2533,15.2533,3.4203,12.7186,12.7186,2.8794,424.7566,439.9714,424.7566,439.9714,yeux triste,yeux triste,0.0000,0.0000,0.0000,0.0000,0.0000,0.0000,-9.9058,-61.6181,613.7035,41.9986,-74.3368,615.2225,758.5414,760.4180,541.5250,812.1754,-,-,-,-,-,-,-,-
3875,3875,719966.489,11:43:08:175,Trial028,28 b triste joie.jpg,0.0,5990.451,20,DarkCyan,89.8096,Eye,Fixation,Fixation,9,9,15.8604,15.8604,3.5543,12.9964,12.9964,2.9417,424.2371,440.8352,424.2371,440.8352,yeux triste,yeux triste,0.0000,0.0000,0.0000,0.0000,0.0000,0.0000,-10.2539,-61.6758,613.6507,41.7259,-74.3275,615.3313,759.7701,760.6696,543.1579,812.2938,-,-,-,-,-,-,-,-
3876,3876,719986.373,11:43:08:195,Trial028,28 b triste joie.jpg,0.0,5990.451,20,DarkCyan,89.8096,Eye,Fixation,Fixation,9,9,15.7074,15.7074,3.5199,13.0155,13.0155,2.9466,422.8742,443.0789,422.8742,443.0789,yeux triste,yeux triste,0.0000,0.0000,0.0000,0.0000,0.0000,0.0000,-10.5978,-61.6884,613.5468,41.4246,-74.3225,615.4906,761.4255,760.9697,544.4580,812.1650,-,-,-,-,-,-,-,-
3877,3877,720006.239,11:43:08:215,Trial028,28 b triste joie.jpg,0.0,5990.451,20,DarkCyan,89.8096,Eye,Fixation,Fixation,9,9,15.6367,15.6367,3.5053,13.4804,13.4804,3.0495,429.5583,449.6049,429.5583,449.6049,yeux triste,yeux triste,0.0000,0.0000,0.0000,0.0000,0.0000,0.0000,-10.9071,-61.7282,613.7088,41.1021,-74.2091,615.3915,762.5062,761.1085,545.4620,812.1833,-,-,-,-,-,-,-,-
3878,3878,720026.118,11:43:08:235,Trial028,28 b triste joie.jpg,0.0,5990.451,20,DarkCyan,89.8096,Eye,Fixation,Fixation,9,9,16.0006,16.0006,3.5853,13.5642,13.5642,3.0668,432.3182,457.2787,432.3182,457.2787,yeux triste,yeux triste,0.0000,0.0000,0.0000,0.0000,0.0000,0.0000,-11.1714,-61.7192,613.6266,40.8097,-74.1119,615.1441,763.7355,761.2172,546.4840,812.0686,-,-,-,-,-,-,-,-
3879,3879,720045.999,11:43:08:254,Trial028,28 b triste joie.jpg,0.0,5990.451,20,DarkCyan,89.8096,Eye,Fixation,Fixation,9,9,15.7566,15.7566,3.5293,13.2013,13.2013,2.9855,434.7968,455.6769,434.7968,455.6769,yeux triste,yeux triste,0.0000,0.0000,0.0000,0.0000,0.0000,0.0000,-11.4482,-61.7089,613.2591,40.5521,-74.0938,615.0612,764.8876,761.3054,547.5271,811.7327,-,-,-,-,-,-,-,-
3880,3880,720065.868,11:43:08:274,Trial028,28 b triste joie.jpg,0.0,5990.451,20,DarkCyan,89.8096,Eye,Fixation,Fixation,9,9,15.6899,15.6899,3.5136,13.1747,13.1747,2.9801,437.9879,454.4638,437.9879,454.4638,yeux triste,yeux triste,0.0000,0.0000,0.0000,0.0000,0.0000,0.0000,-11.7353,-61.7220,613.0861,40.3029,-74.0747,615.1779,766.0493,761.2302,548.5569,811.5873,-,-,-,-,-,-,-,-
3881,3881,720085.876,11:43:08:294,Trial028,28 b triste joie.jpg,0.0,5990.451,20,DarkCyan,89.8096,Eye,Fixation,Fixation,9,9,16.3996,16.3996,3.6694,13.4975,13.4975,3.0528,443.9526,468.9913,443.9526,468.9913,yeux triste,yeux triste,0.0000,0.0000,0.0000,0.0000,0.0000,0.0000,-12.0443,-61.6815,612.9150,40.0689,-74.0522,615.3643,767.1194,761.6468,549.5291,811.7124,-,-,-,-,-,-,-,-
3882,3882,720105.739,11:43:08:314,Trial028,28 b triste joie.jpg,0.0,5990.451,20,DarkCyan,89.8096,Eye,Fixation,Fixation,9,9,15.8581,15.8581,3.5509,13.0079,13.0079,2.9433,441.3802,461.9243,441.3802,461.9243,yeux triste,yeux triste,0.0000,0.0000,0.0000,0.0000,0.0000,0.0000,-15.1942,-61.7448,613.0383,36.9481,-74.0034,615.4713,780.4921,761.5604,562.7157,811.2244,-,-,-,-,-,-,-,-
3883,3883,720125.621,11:43:08:334,Trial028,28 b triste joie.jpg,0.0,5990.451,20,DarkCyan,89.8096,Eye,Saccade,Saccade,9,9,15.7629,15.7629,3.5299,12.9343,12.9343,2.9279,440.3227,459.7303,440.3227,459.7303,yeux triste,yeux triste,0.0000,0.0000,0.0000,0.0000,0.0000,0.0000,-12.6132,-61.8255,613.0948,39.5934,-73.9529,615.5157,769.6428,761.6583,551.9782,811.0847,-,-,-,-,-,-,-,-
3884,3884,720145.494,11:43:08:354,Trial028,28 b triste joie.jpg,0.0,5990.451,20,DarkCyan,89.8096,Eye,Saccade,Saccade,9,9,16.4102,16.4102,3.6732,13.0294,13.0294,2.9491,386.8726,578.1087,386.8726,578.1087,triste gauche,triste gauche,0.0000,0.0000,0.0000,0.0000,0.0000,0.0000,-12.9473,-61.9116,613.1193,39.1062,-74.1057,615.5383,771.8628,763.7870,554.6022,812.4367,-,-,-,-,-,-,-,-
3885,3885,720165.37,11:43:08:374,Trial028,28 b triste joie.jpg,0.0,5990.451,20,DarkCyan,89.8096,Eye,Fixation,Fixation,10,10,15.8566,15.8566,3.5506,13.3197,13.3197,3.0133,326.6179,637.8182,326.6179,637.8182,bouche triste,bouche triste,0.0000,0.0000,0.0000,0.0000,0.0000,0.0000,-13.2261,-62.1018,613.0574,38.7887,-74.1339,615.4586,773.4091,764.8498,556.4832,813.7541,-,-,-,-,-,-,-,-
3886,3886,720185.25,11:43:08:394,Trial028,28 b triste joie.jpg,0.0,5990.451,20,DarkCyan,89.8096,Eye,Fixation,Fixation,10,10,16.2555,16.2555,3.6377,12.9589,12.9589,2.9337,314.2832,646.9890,314.2832,646.9890,bouche triste,bouche triste,0.0000,0.0000,0.0000,0.0000,0.0000,0.0000,-13.5569,-62.0925,612.8697,38.6138,-74.1345,615.6227,774.9253,765.2206,557.3488,813.5437,-,-,-,-,-,-,-,-
3887,3887,720205.117,11:43:08:414,Trial028,28 b triste joie.jpg,0.0,5990.451,20,DarkCyan,89.8096,Eye,Fixation,Fixation,10,10,16.3849,16.3849,3.6637,13.1029,13.1029,2.9661,326.5856,669.8543,326.5856,669.8543,bouche triste,bouche triste,0.0000,0.0000,0.0000,0.0000,0.0000,0.0000,-13.8611,-62.0577,612.4353,38.3886,-74.1336,615.7049,775.8826,765.7903,558.1700,813.6513,-,-,-,-,-,-,-,-
3888,3888,720224.987,11:43:08:433,Trial028,28 b triste joie.jpg,0.0,5990.451,20,DarkCyan,89.8096,Eye,Fixation,Fixation,10,10,16.2488,16.2488,3.6326,13.0426,13.0426,2.9534,326.6685,661.9611,326.6685,661.9611,bouche triste,bouche triste,0.0000,0.0000,0.0000,0.0000,0.0000,0.0000,-14.1292,-62.0764,612.2433,38.1774,-74.1196,615.8761,777.1342,765.5404,559.0100,813.4546,-,-,-,-,-,-,-,-
3889,3889,720244.99,11:43:08:453,Trial028,28 b triste joie.jpg,0.0,5990.451,20,DarkCyan,89.8096,Eye,Fixation,Fixation,10,10,16.3625,16.3625,3.6569,13.2247,13.2247,2.9922,329.0397,669.2519,329.0397,669.2519,bouche triste,bouche triste,0.0000,0.0000,0.0000,0.0000,0.0000,0.0000,-14.3401,-62.1559,612.0883,37.9703,-74.0354,615.5438,778.0248,765.9006,559.7126,813.5860,-,-,-,-,-,-,-,-
3890,3890,720264.86,11:43:08:473,Trial028,28 b triste joie.jpg,0.0,5990.451,20,DarkCyan,89.8096,Eye,Fixation,Fixation,10,10,16.4475,16.4475,3.6761,13.0734,13.0734,2.9571,323.7904,665.1090,323.7904,665.1090,bouche triste,bouche triste,0.0000,0.0000,0.0000,0.0000,0.0000,0.0000,-14.5388,-62.2329,612.1522,37.8463,-74.0518,615.2431,778.9115,766.2738,560.4057,813.4244,-,-,-,-,-,-,-,-
3891,3891,720284.743,11:43:08:493,Trial028,28 b triste joie.jpg,0.0,5990.451,20,DarkCyan,89.8096,Eye,Fixation,Fixation,10,10,16.0042,16.0042,3.5788,13.3731,13.3731,3.0232,328.8313,668.2973,328.8313,668.2973,bouche triste,bouche triste,0.0000,0.0000,0.0000,0.0000,0.0000,0.0000,-17.5489,-62.2779,612.1542,34.7836,-74.0730,615.2900,791.6195,766.3300,572.6888,813.7863,-,-,-,-,-,-,-,-
3892,3892,720304.622,11:43:08:513,Trial028,28 b triste joie.jpg,0.0,5990.451,20,DarkCyan,89.8096,Eye,Fixation,Fixation,10,10,16.3361,16.3361,3.6490,13.2638,13.2638,3.0001,323.3819,668.8622,323.3819,668.8622,bouche triste,bouche triste,0.0000,0.0000,0.0000,0.0000,0.0000,0.0000,-14.7870,-62.2659,611.7232,37.6458,-74.0959,615.3771,780.0796,766.5152,561.2421,813.8006,-,-,-,-,-,-,-,-
3893,3893,720324.485,11:43:08:533,Trial028,28 b triste joie.jpg,0.0,5990.451,20,DarkCyan,89.8096,Eye,Fixation,Fixation,10,10,16.3554,16.3554,3.6539,13.4970,13.4970,3.0515,331.7453,680.2339,331.7453,680.2339,bouche triste,bouche triste,0.0000,0.0000,0.0000,0.0000,0.0000,0.0000,-14.8486,-62.3748,611.8085,37.5233,-74.0810,615.2881,780.1531,767.0801,561.3001,814.2946,-,-,-,-,-,-,-,-
3894,3894,720344.364,11:43:08:553,Trial028,28 b triste joie.jpg,0.0,5990.451,20,DarkCyan,89.8096,Eye,Fixation,Fixation,10,10,16.3136,16.3136,3.6425,13.6155,13.6155,3.0777,326.5235,685.4620,326.5235,685.4620,bouche triste,bouche triste,0.0000,0.0000,0.0000,0.0000,0.0000,0.0000,-14.8851,-62.3631,611.4518,37.4610,-74.0921,615.2480,780.5384,767.0779,561.7739,814.5166,-,-,-,-,-,-,-,-
3895,3895,720364.236,11:43:08:573,Trial028,28 b triste joie.jpg,0.0,5990.451,20,DarkCyan,89.8096,Eye,Fixation,Fixation,10,10,15.9010,15.9010,3.5505,13.8297,13.8297,3.1255,324.8101,693.2919,324.8101,693.2919,bouche triste,bouche triste,0.0000,0.0000,0.0000,0.0000,0.0000,0.0000,-14.9035,-62.3595,611.2619,37.4582,-74.1035,615.2762,780.6544,767.3119,561.7994,814.5495,-,-,-,-,-,-,-,-
3896,3896,720384.113,11:43:08:593,Trial028,28 b triste joie.jpg,0.0,5990.451,20,DarkCyan,89.8096,Eye,Fixation,Fixation,10,10,16.4396,16.4396,3.6681,13.5587,13.5587,3.0645,325.6245,701.0507,325.6245,701.0507,bouche triste,bouche triste,0.0000,0.0000,0.0000,0.0000,0.0000,0.0000,-14.9004,-62.3426,611.0811,37.4631,-74.0943,615.1406,780.7982,767.2676,561.5766,814.7744,-,-,-,-,-,-,-,-
3897,3897,720404.11,11:43:08:612,Trial028,28 b triste joie.jpg,0.0,5990.451,20,DarkCyan,89.8096,Eye,Fixation,Fixation,10,10,16.1724,16.1724,3.6073,13.6432,13.6432,3.0822,326.3090,707.6954,326.3090,707.6954,bouche triste,bouche triste,0.0000,0.0000,0.0000,0.0000,0.0000,0.0000,-14.8790,-62.3087,610.7514,37.4594,-74.0629,614.9196,780.6566,767.5575,561.6863,814.5596,-,-,-,-,-,-,-,-
3898,3898,720423.985,11:43:08:632,Trial028,28 b triste joie.jpg,0.0,5990.451,20,DarkCyan,89.8096,Eye,Fixation,Fixation,10,10,15.9421,15.9421,3.5553,13.1042,13.1042,2.9598,328.1618,704.1608,328.1618,704.1608,bouche triste,bouche triste,0.0000,0.0000,0.0000,0.0000,0.0000,0.0000,-14.8668,-62.2916,610.5269,37.4560,-74.0136,614.3892,780.5151,767.4476,561.3855,814.3991,-,-,-,-,-,-,-,-
3899,3899,720443.86,11:43:08:652,Trial028,28 b triste joie.jpg,0.0,5990.451,20,DarkCyan,89.8096,Eye,Fixation,Fixation,10,10,15.8723,15.8723,3.5389,13.8107,13.8107,3.1149,328.5202,709.1101,328.5202,709.1101,bouche triste,bouche triste,0.0000,0.0000,0.0000,0.0000,0.0000,0.0000,-14.8505,-62.2956,610.3475,37.4495,-73.9828,614.0155,780.4931,767.2726,561.3361,814.8743,-,-,-,-,-,-,-,-
3900,3900,720463.741,11:43:08:672,Trial028,28 b triste joie.jpg,0.0,5990.451,20,DarkCyan,89.8096,Eye,Fixation,Fixation,10,10,15.9052,15.9052,3.5451,13.1608,13.1608,2.9690,327.2205,701.8735,327.2205,701.8735,bouche triste,bouche triste,0.0000,0.0000,0.0000,0.0000,0.0000,0.0000,-14.8477,-62.2788,610.1741,37.4286,-73.9708,613.6941,780.4945,767.3006,561.5274,814.4587,-,-,-,-,-,-,-,-
3901,3901,720483.609,11:43:08:692,Trial028,28 b triste joie.jpg,0.0,5990.451,20,DarkCyan,89.8096,Eye,Fixation,Fixation,10,10,15.8990,15.8990,3.5437,13.4998,13.4998,3.0442,326.4135,710.7931,326.4135,710.7931,bouche triste,bouche triste,0.0000,0.0000,0.0000,0.0000,0.0000,0.0000,-14.8718,-62.2886,610.1602,37.4451,-74.0037,613.6669,780.6446,767.6780,561.5658,814.7561,-,-,-,-,-,-,-,-
3902,3902,720503.491,11:43:08:712,Trial028,28 b triste joie.jpg,0.0,5990.451,20,DarkCyan,89.8096,Eye,Fixation,Fixation,10,10,16.2300,16.2300,3.6169,13.5084,13.5084,3.0455,327.9832,712.6780,327.9832,712.6780,bouche triste,bouche triste,0.0000,0.0000,0.0000,0.0000,0.0000,0.0000,-14.9029,-62.3170,610.2213,37.4105,-74.0360,613.5440,780.5450,767.8414,561.5523,814.8697,-,-,-,-,-,-,-,-
3903,3903,720523.36,11:43:08:732,Trial028,28 b triste joie.jpg,0.0,5990.451,20,DarkCyan,89.8096,Eye,Fixation,Fixation,10,10,16.0724,16.0724,3.5828,13.4815,13.4815,3.0400,327.6324,716.3277,327.6324,716.3277,bouche triste,bouche triste,0.0000,0.0000,0.0000,0.0000,0.0000,0.0000,-14.9149,-62.3323,610.3196,37.3921,-74.0788,613.6342,780.9074,767.9800,561.5649,815.1412,-,-,-,-,-,-,-,-
3904,3904,720543.239,11:43:08:752,Trial028,28 b triste joie.jpg,0.0,5990.451,20,DarkCyan,89.8096,Eye,Fixation,Fixation,10,10,16.2767,16.2767,3.6268,13.3624,13.3624,3.0136,326.9656,717.0224,326.9656,717.0224,bouche triste,bouche triste,0.0000,0.0000,0.0000,0.0000,0.0000,0.0000,-14.9646,-62.3643,610.1531,37.3646,-74.1205,613.6473,780.9965,768.1567,561.7087,815.1688,-,-,-,-,-,-,-,-
3905,3905,720563.24,11:43:08:772,Trial028,28 b triste joie.jpg,0.0,5990.451,20,DarkCyan,89.8096,Eye,Fixation,Fixation,10,10,15.9521,15.9521,3.5542,13.6120,13.6120,3.0693,328.2693,716.3697,328.2693,716.3697,bouche triste,bouche triste,0.0000,0.0000,0.0000,0.0000,0.0000,0.0000,-15.0010,-62.3950,609.9475,37.3291,-74.1556,613.6944,781.0959,767.9286,561.8228,815.5184,-,-,-,-,-,-,-,-
3906,3906,720583.114,11:43:08:792,Trial028,28 b triste joie.jpg,0.0,5990.451,20,DarkCyan,89.8096,Eye,Fixation,Fixation,10,10,16.0217,16.0217,3.5686,13.1296,13.1296,2.9624,326.3336,712.7198,326.3336,712.7198,bouche triste,bouche triste,0.0000,0.0000,0.0000,0.0000,0.0000,0.0000,-15.0051,-62.4193,609.7879,37.3297,-74.1610,613.7293,781.2998,768.0683,562.0750,815.2502,-,-,-,-,-,-,-,-
3907,3907,720602.984,11:43:08:811,Trial028,28 b triste joie.jpg,0.0,5990.451,20,DarkCyan,89.8096,Eye,Fixation,Fixation,10,10,15.9822,15.9822,3.5593,13.5557,13.5557,3.0571,328.9797,714.8623,328.9797,714.8623,bouche triste,bouche triste,0.0000,0.0000,0.0000,0.0000,0.0000,0.0000,-15.0070,-62.4470,609.6817,37.3315,-74.1646,613.7585,781.2389,768.2192,561.6906,815.6870,-,-,-,-,-,-,-,-
3908,3908,720622.864,11:43:08:831,Trial028,28 b triste joie.jpg,0.0,5990.451,20,DarkCyan,89.8096,Eye,Fixation,Fixation,10,10,15.5432,15.5432,3.4633,13.1259,13.1259,2.9618,325.2883,710.0844,325.2883,710.0844,bouche triste,bouche triste,0.0000,0.0000,0.0000,0.0000,0.0000,0.0000,-15.0436,-62.4655,609.7533,37.3335,-74.1688,613.7929,781.5839,768.3055,562.0659,815.2589,-,-,-,-,-,-,-,-
3909,3909,720642.739,11:43:08:851,Trial028,28 b triste joie.jpg,0.0,5990.451,20,DarkCyan,89.8096,Eye,Fixation,Fixation,10,10,15.8735,15.8735,3.5363,13.2140,13.2140,2.9815,323.1825,709.7828,323.1825,709.7828,bouche triste,bouche triste,0.0000,0.0000,0.0000,0.0000,0.0000,0.0000,-15.0568,-62.4901,609.8318,37.3352,-74.1725,613.8232,781.4631,768.4010,562.1817,815.3507,-,-,-,-,-,-,-,-
3910,3910,720662.607,11:43:08:871,Trial028,28 b triste joie.jpg,0.0,5990.451,20,DarkCyan,89.8096,Eye,Fixation,Fixation,10,10,15.6872,15.6872,3.4957,13.0396,13.0396,2.9430,320.7965,707.7822,320.7965,707.7822,bouche triste,bouche triste,0.0000,0.0000,0.0000,0.0000,0.0000,0.0000,-15.0621,-62.4969,609.8910,37.3368,-74.1767,613.8569,781.5609,768.4554,562.1312,815.2414,-,-,-,-,-,-,-,-
3911,3911,720682.488,11:43:08:891,Trial028,28 b triste joie.jpg,0.0,5990.451,20,DarkCyan,89.8096,Eye,Fixation,Fixation,10,10,15.8059,15.8059,3.5220,13.2125,13.2125,2.9812,318.4061,709.8249,318.4061,709.8249,bouche triste,bouche triste,0.0000,0.0000,0.0000,0.0000,0.0000,0.0000,-15.0668,-62.5020,609.9293,37.3279,-74.1646,613.8151,781.6170,768.5067,562.1774,815.3563,-,-,-,-,-,-,-,-
3912,3912,720702.476,11:43:08:911,Trial028,28 b triste joie.jpg,0.0,5990.451,20,DarkCyan,89.8096,Eye,Fixation,Fixation,10,10,15.5002,15.5002,3.4539,13.2964,13.2964,2.9996,318.6280,707.6970,318.6280,707.6970,bouche triste,bouche triste,0.0000,0.0000,0.0000,0.0000,0.0000,0.0000,-15.0781,-62.4761,609.7560,37.3242,-74.1594,613.7687,781.6237,768.3053,562.1129,815.3741,-,-,-,-,-,-,-,-
3913,3913,720722.362,11:43:08:931,Trial028,28 b triste joie.jpg,0.0,5990.451,20,DarkCyan,89.8096,Eye,Fixation,Fixation,10,10,15.7567,15.7567,3.5104,13.0396,13.0396,2.9424,317.7649,707.1844,317.7649,707.1844,bouche triste,bouche triste,0.0000,0.0000,0.0000,0.0000,0.0000,0.0000,-15.0969,-62.4689,609.7846,37.3218,-74.1549,613.7350,781.6076,768.4747,562.1312,815.2414,-,-,-,-,-,-,-,-
3914,3914,720742.237,11:43:08:951,Trial028,28 b triste joie.jpg,0.0,5990.451,20,DarkCyan,89.8096,Eye,Fixation,Fixation,10,10,15.5709,15.5709,3.4676,13.1261,13.1261,2.9619,316.7507,705.2890,316.7507,705.2890,bouche triste,bouche triste,0.0000,0.0000,0.0000,0.0000,0.0000,0.0000,-15.0800,-62.3800,609.4566,37.3204,-74.1543,613.7969,781.7024,768.1251,562.0665,815.2581,-,-,-,-,-,-,-,-
3915,3915,720762.105,11:43:08:970,Trial028,28 b triste joie.jpg,0.0,5990.451,20,DarkCyan,89.8096,Eye,Saccade,Saccade,10,10,15.3538,15.3538,3.4201,12.9735,12.9735,2.9290,316.2714,700.9058,316.2714,700.9058,bouche triste,bouche triste,0.0000,0.0000,0.0000,0.0000,0.0000,0.0000,-15.0583,-62.2532,609.4986,37.3485,-74.1264,614.0161,781.4999,767.4160,562.0429,814.7617,-,-,-,-,-,-,-,-
3916,3916,720781.986,11:43:08:990,Trial028,28 b triste joie.jpg,0.0,5990.451,20,DarkCyan,89.8096,Eye,Saccade,Saccade,10,10,15.6787,15.6787,3.4917,12.9201,12.9201,2.9161,311.6048,602.8698,311.6048,602.8698,triste gauche,triste gauche,0.0000,0.0000,0.0000,0.0000,0.0000,0.0000,-15.0231,-61.9904,609.5714,37.3017,-73.7205,613.8393,781.5391,765.3597,562.4387,812.3332,-,-,-,-,-,-,-,-
3917,3917,720801.859,11:43:09:010,Trial028,28 b triste joie.jpg,0.0,5990.451,20,DarkCyan,89.8096,Eye,Fixation,Fixation,11,11,15.4410,15.4410,3.4396,12.8656,12.8656,2.9051,308.6848,480.1843,308.6848,480.1843,yeux triste,yeux triste,0.0000,0.0000,0.0000,0.0000,0.0000,0.0000,-14.9249,-61.7407,609.6056,37.3244,-73.4884,614.1126,781.1024,762.8803,562.4783,810.2182,-,-,-,-,-,-,-,-
3918,3918,720821.728,11:43:09:030,Trial028,28 b triste joie.jpg,0.0,5990.451,20,DarkCyan,89.8096,Eye,Fixation,Fixation,11,11,15.3534,15.3534,3.4197,12.8638,12.8638,2.9038,308.4888,461.9662,308.4888,461.9662,yeux triste,yeux triste,0.0000,0.0000,0.0000,0.0000,0.0000,0.0000,-14.8445,-61.5460,609.5165,37.3134,-73.2717,613.9276,780.6300,762.0712,562.3537,808.8041,-,-,-,-,-,-,-,-
3919,3919,720841.608,11:43:09:050,Trial028,28 b triste joie.jpg,0.0,5990.451,20,DarkCyan,89.8096,Eye,Fixation,Fixation,11,11,15.2167,15.2167,3.3890,12.8065,12.8065,2.8915,310.4092,467.9457,310.4092,467.9457,yeux triste,yeux triste,0.0000,0.0000,0.0000,0.0000,0.0000,0.0000,-14.8429,-61.5257,609.3939,37.3442,-73.2899,614.0302,780.5800,762.1215,562.0546,809.1211,-,-,-,-,-,-,-,-
3920,3920,720861.607,11:43:09:070,Trial028,28 b triste joie.jpg,0.0,5990.451,20,DarkCyan,89.8096,Eye,Fixation,Fixation,11,11,15.5468,15.5468,3.4609,12.8396,12.8396,2.8983,310.8293,469.8921,310.8293,469.8921,yeux triste,yeux triste,0.0000,0.0000,0.0000,0.0000,0.0000,0.0000,-14.8401,-61.5134,609.2869,37.3556,-73.2704,613.8982,780.5531,762.2120,562.0484,809.0750,-,-,-,-,-,-,-,-
3921,3921,720881.476,11:43:09:090,Trial028,28 b triste joie.jpg,0.0,5990.451,20,DarkCyan,89.8096,Eye,Fixation,Fixation,11,11,15.4471,15.4471,3.4382,12.8334,12.8334,2.8959,310.0395,469.7449,310.0395,469.7449,yeux triste,yeux triste,0.0000,0.0000,0.0000,0.0000,0.0000,0.0000,-14.8615,-61.4819,609.1452,37.3592,-73.2182,613.6921,780.7491,761.9741,562.0503,809.0701,-,-,-,-,-,-,-,-
3922,3922,720901.361,11:43:09:110,Trial028,28 b triste joie.jpg,0.0,5990.451,20,DarkCyan,89.8096,Eye,Fixation,Fixation,11,11,15.5841,15.5841,3.4668,12.4779,12.4779,2.8164,311.2128,460.7127,311.2128,460.7127,yeux triste,yeux triste,0.0000,0.0000,0.0000,0.0000,0.0000,0.0000,-14.8704,-61.4213,608.8923,37.3448,-73.1718,613.5704,780.7822,761.6805,561.9905,808.4823,-,-,-,-,-,-,-,-
3923,3923,720921.229,11:43:09:130,Trial028,28 b triste joie.jpg,0.0,5990.451,20,DarkCyan,89.8096,Eye,Fixation,Fixation,11,11,15.1807,15.1807,3.3794,13.0047,13.0047,2.9327,312.8713,461.1223,312.8713,461.1223,yeux triste,yeux triste,0.0000,0.0000,0.0000,0.0000,0.0000,0.0000,-14.8689,-61.3079,609.1160,37.3280,-73.1299,613.4404,780.5818,761.1981,562.0385,808.4869,-,-,-,-,-,-,-,-
3924,3924,720941.107,11:43:09:149,Trial028,28 b triste joie.jpg,0.0,5990.451,20,DarkCyan,89.8096,Eye,Fixation,Fixation,11,11,15.3375,15.3375,3.4145,12.8213,12.8213,2.8916,314.9150,466.7456,314.9150,466.7456,yeux triste,yeux triste,0.0000,0.0000,0.0000,0.0000,0.0000,0.0000,-14.8798,-61.2670,609.2291,37.3640,-72.9904,613.3732,780.6957,761.0969,561.6751,808.2733,-,-,-,-,-,-,-,-
3925,3925,720960.981,11:43:09:169,Trial028,28 b triste joie.jpg,0.0,5990.451,20,DarkCyan,89.8096,Eye,Fixation,Fixation,11,11,15.5065,15.5065,3.4511,12.7064,12.7064,2.8667,315.9806,462.2937,315.9806,462.2937,yeux triste,yeux triste,0.0000,0.0000,0.0000,0.0000,0.0000,0.0000,-14.8541,-61.2243,609.1547,37.3956,-72.9497,613.5038,780.6537,760.7199,561.5662,807.8747,-,-,-,-,-,-,-,-
3926,3926,720980.853,11:43:09:189,Trial028,28 b triste joie.jpg,0.0,5990.451,20,DarkCyan,89.8096,Eye,Fixation,Fixation,11,11,15.2404,15.2404,3.3915,12.9633,12.9633,2.9231,316.6545,463.1258,316.6545,463.1258,yeux triste,yeux triste,0.0000,0.0000,0.0000,0.0000,0.0000,0.0000,-14.8216,-61.1481,608.9459,37.4214,-72.9135,613.3711,780.5648,760.6237,561.4373,807.7679,-,-,-,-,-,-,-,-
3927,3927,721000.732,11:43:09:209,Trial028,28 b triste joie.jpg,0.0,5990.451,20,DarkCyan,89.8096,Eye,Fixation,Fixation,11,11,15.3712,15.3712,3.4196,12.7554,12.7554,2.8757,315.6617,455.5937,315.6617,455.5937,yeux triste,yeux triste,0.0000,0.0000,0.0000,0.0000,0.0000,0.0000,-14.8141,-61.0115,608.8463,37.3869,-72.8397,613.1112,780.5123,759.9833,561.8367,807.1746,-,-,-,-,-,-,-,-
3928,3928,721020.73,11:43:09:229,Trial028,28 b triste joie.jpg,0.0,5990.451,20,DarkCyan,89.8096,Eye,Fixation,Fixation,11,11,14.7660,14.7660,3.2861,12.5990,12.5990,2.8397,315.7202,432.4839,315.7202,432.4839,yeux triste,yeux triste,0.0000,0.0000,0.0000,0.0000,0.0000,0.0000,-14.7784,-60.9643,608.7165,37.3165,-72.6666,612.8408,780.4850,758.9677,562.0398,806.8159,-,-,-,-,-,-,-,-
3929,3929,721040.6,11:43:09:249,Trial028,28 b triste joie.jpg,0.0,5990.451,20,DarkCyan,89.8096,Eye,Fixation,Fixation,11,11,15.3106,15.3106,3.4062,12.9638,12.9638,2.9191,316.7380,445.9097,316.7380,445.9097,yeux triste,yeux triste,0.0000,0.0000,0.0000,0.0000,0.0000,0.0000,-14.7995,-60.9661,608.8423,37.3022,-72.5981,612.5437,780.5365,759.4930,561.9109,806.6531,-,-,-,-,-,-,-,-
3930,3930,721060.48,11:43:09:269,Trial028,28 b triste joie.jpg,0.0,5990.451,20,DarkCyan,89.8096,Eye,Fixation,Fixation,11,11,14.9747,14.9747,3.3328,12.7193,12.7193,2.8642,313.6309,426.0899,313.6309,426.0899,yeux triste,yeux triste,0.0000,0.0000,0.0000,0.0000,0.0000,0.0000,-14.8134,-60.9452,608.9039,37.3254,-72.5607,612.3909,780.8070,759.0069,561.8064,806.4566,-,-,-,-,-,-,-,-
3931,3931,721080.348,11:43:09:289,Trial028,28 b triste joie.jpg,0.0,5990.451,20,DarkCyan,89.8096,Eye,Fixation,Fixation,11,11,15.4174,15.4174,3.4298,12.6755,12.6755,2.8539,313.6537,431.9426,313.6537,431.9426,yeux triste,yeux triste,0.0000,0.0000,0.0000,0.0000,0.0000,0.0000,-14.8424,-60.9045,608.8736,37.3204,-72.5409,612.2559,780.6909,759.2841,561.8614,806.2922,-,-,-,-,-,-,-,-
3932,3932,721100.231,11:43:09:309,Trial028,28 b triste joie.jpg,0.0,5990.451,20,DarkCyan,89.8096,Eye,Fixation,Fixation,11,11,15.3220,15.3220,3.4080,12.7221,12.7221,2.8635,310.0311,429.9074,310.0311,429.9074,yeux triste,yeux triste,0.0000,0.0000,0.0000,0.0000,0.0000,0.0000,-14.8159,-60.8647,608.7108,37.3140,-72.5217,612.1161,780.7756,759.2236,561.9819,806.2795,-,-,-,-,-,-,-,-
3933,3933,721120.096,11:43:09:328,Trial028,28 b triste joie.jpg,0.0,5990.451,20,DarkCyan,89.8096,Eye,Fixation,Fixation,11,11,15.2895,15.2895,3.4000,12.6930,12.6930,2.8558,309.9220,426.5552,309.9220,426.5552,yeux triste,yeux triste,0.0000,0.0000,0.0000,0.0000,0.0000,0.0000,-14.8107,-60.8493,608.5615,37.3094,-72.4810,611.8364,780.7653,759.1313,561.7551,806.2589,-,-,-,-,-,-,-,-
3934,3934,721139.973,11:43:09:348,Trial028,28 b triste joie.jpg,0.0,5990.451,20,DarkCyan,89.8096,Eye,Fixation,Fixation,11,11,14.9227,14.9227,3.3179,12.7591,12.7591,2.8707,307.2823,418.6862,307.2823,418.6862,yeux triste,yeux triste,0.0000,0.0000,0.0000,0.0000,0.0000,0.0000,-14.7849,-60.8107,608.2553,37.3379,-72.4886,611.8951,780.6142,758.7653,561.7887,806.3289,-,-,-,-,-,-,-,-
3935,3935,721159.855,11:43:09:368,Trial028,28 b triste joie.jpg,0.0,5990.451,20,DarkCyan,89.8096,Eye,Fixation,Fixation,11,11,14.8528,14.8528,3.3016,12.6597,12.6597,2.8492,305.2658,412.4629,305.2658,412.4629,yeux triste,yeux triste,0.0000,0.0000,0.0000,0.0000,0.0000,0.0000,-14.7210,-60.7652,608.0842,37.3855,-72.5017,611.9968,780.3357,758.6097,561.6317,806.1312,-,-,-,-,-,-,-,-
3936,3936,721179.85,11:43:09:388,Trial028,28 b triste joie.jpg,0.0,5990.451,20,DarkCyan,89.8096,Eye,Saccade,Saccade,11,11,15.0764,15.0764,3.3499,12.6186,12.6186,2.8406,299.7429,409.9565,299.7429,409.9565,yeux triste,yeux triste,0.0000,0.0000,0.0000,0.0000,0.0000,0.0000,-14.6801,-60.7307,607.9660,37.4569,-72.5053,612.0913,780.4052,758.5711,561.4992,806.1071,-,-,-,-,-,-,-,-
3937,3937,721199.721,11:43:09:408,Trial028,28 b triste joie.jpg,0.0,5990.451,20,DarkCyan,89.8096,Eye,Saccade,Saccade,11,11,15.3772,15.3772,3.4156,12.9558,12.9558,2.9160,357.5993,418.1123,357.5993,418.1123,yeux triste,yeux triste,0.0000,0.0000,0.0000,0.0000,0.0000,0.0000,-14.4383,-60.7178,607.9364,37.7005,-72.5158,612.2552,778.4354,758.8279,559.5545,806.3371,-,-,-,-,-,-,-,-
3938,3938,721219.605,11:43:09:428,Trial028,28 b triste joie.jpg,0.0,5990.451,20,DarkCyan,89.8096,Eye,Fixation,Fixation,12,12,15.1517,15.1517,3.3661,12.5813,12.5813,2.8329,498.5490,414.6606,498.5490,414.6606,yeux triste,yeux triste,0.0000,0.0000,0.0000,0.0000,0.0000,0.0000,-14.0893,-60.7078,607.9241,37.9826,-72.5218,612.1860,775.7194,758.8613,557.1654,805.9471,-,-,-,-,-,-,-,-
3939,3939,721239.47,11:43:09:448,Trial028,28 b triste joie.jpg,0.0,5990.451,20,DarkCyan,89.8096,Eye,Fixation,Fixation,12,12,15.4045,15.4045,3.4211,12.9711,12.9711,2.9201,482.3099,421.8152,482.3099,421.8152,yeux triste,yeux triste,0.0000,0.0000,0.0000,0.0000,0.0000,0.0000,-14.0068,-60.7414,607.8542,38.1034,-72.5395,612.3734,775.6789,759.1773,556.9522,806.2293,-,-,-,-,-,-,-,-
3940,3940,721259.347,11:43:09:468,Trial028,28 b triste joie.jpg,0.0,5990.451,20,DarkCyan,89.8096,Eye,Fixation,Fixation,12,12,15.1047,15.1047,3.3585,12.9404,12.9404,2.9144,474.1396,420.3196,474.1396,420.3196,yeux triste,yeux triste,0.0000,0.0000,0.0000,0.0000,0.0000,0.0000,-13.9494,-60.7960,608.4154,38.1930,-72.5647,612.5851,775.5344,758.8552,556.6201,806.3879,-,-,-,-,-,-,-,-
3941,3941,721279.224,11:43:09:488,Trial028,28 b triste joie.jpg,0.0,5990.451,20,DarkCyan,89.8096,Eye,Fixation,Fixation,12,12,15.4679,15.4679,3.4408,12.5992,12.5992,2.8393,479.8777,425.7991,479.8777,425.7991,yeux triste,yeux triste,0.0000,0.0000,0.0000,0.0000,0.0000,0.0000,-13.9165,-60.8023,608.8849,38.2222,-72.6056,612.6961,775.0988,759.1919,556.4039,806.1988,-,-,-,-,-,-,-,-
3942,3942,721299.093,11:43:09:507,Trial028,28 b triste joie.jpg,0.0,5990.451,20,DarkCyan,89.8096,Eye,Fixation,Fixation,12,12,15.5184,15.5184,3.4516,12.4805,12.4805,2.8139,482.3445,423.4775,482.3445,423.4775,yeux triste,yeux triste,0.0000,0.0000,0.0000,0.0000,0.0000,0.0000,-13.8722,-60.7940,608.8479,38.2860,-72.6195,612.9044,774.7882,758.9525,556.2200,806.0829,-,-,-,-,-,-,-,-
3943,3943,721318.979,11:43:09:527,Trial028,28 b triste joie.jpg,0.0,5990.451,20,DarkCyan,89.8096,Eye,Fixation,Fixation,12,12,15.2303,15.2303,3.3891,12.5003,12.5003,2.8183,478.3370,420.4896,478.3370,420.4896,yeux triste,yeux triste,0.0000,0.0000,0.0000,0.0000,0.0000,0.0000,-13.8143,-60.7635,608.9742,38.3624,-72.6091,612.8909,774.6535,758.6355,556.1040,805.9878,-,-,-,-,-,-,-,-
3944,3944,721338.966,11:43:09:547,Trial028,28 b triste joie.jpg,0.0,5990.451,20,DarkCyan,89.8096,Eye,Fixation,Fixation,12,12,15.5978,15.5978,3.4709,13.1754,13.1754,2.9690,480.7040,432.6982,480.7040,432.6982,yeux triste,yeux triste,0.0000,0.0000,0.0000,0.0000,0.0000,0.0000,-13.7488,-60.7602,609.1722,38.4629,-72.6234,613.0912,774.3747,758.7216,555.4719,806.5262,-,-,-,-,-,-,-,-
3945,3945,721358.85,11:43:09:567,Trial028,28 b triste joie.jpg,0.0,5990.451,20,DarkCyan,89.8096,Eye,Fixation,Fixation,12,12,15.2408,15.2408,3.3932,12.7087,12.7087,2.8659,483.6362,420.9822,483.6362,420.9822,yeux triste,yeux triste,0.0000,0.0000,0.0000,0.0000,0.0000,0.0000,-13.7333,-60.7646,609.2996,38.4883,-72.6281,613.1952,774.2580,758.3452,555.2309,805.9523,-,-,-,-,-,-,-,-
3946,3946,721378.725,11:43:09:587,Trial028,28 b triste joie.jpg,0.0,5990.451,20,DarkCyan,89.8096,Eye,Fixation,Fixation,12,12,15.7005,15.7005,3.4940,12.7056,12.7056,2.8653,483.1438,427.2417,483.1438,427.2417,yeux triste,yeux triste,0.0000,0.0000,0.0000,0.0000,0.0000,0.0000,-13.6677,-60.7239,609.2845,38.5566,-72.5918,613.2019,773.8926,758.4322,555.1977,805.8827,-,-,-,-,-,-,-,-
3947,3947,721398.593,11:43:09:607,Trial028,28 b triste joie.jpg,0.0,5990.451,20,DarkCyan,89.8096,Eye,Saccade,Saccade,12,12,15.3777,15.3777,3.4239,12.6039,12.6039,2.8434,484.0361,425.7292,484.0361,425.7292,yeux triste,yeux triste,0.0000,0.0000,0.0000,0.0000,0.0000,0.0000,-13.6199,-60.7009,609.4264,38.6188,-72.5395,613.3526,773.5958,758.1202,555.0054,805.5139,-,-,-,-,-,-,-,-
3948,3948,721418.466,11:43:09:627,Trial028,28 b triste joie.jpg,0.0,5990.451,20,DarkCyan,89.8096,Eye,Saccade,Saccade,12,12,15.3614,15.3614,3.4189,12.8426,12.8426,2.8944,589.2600,431.2401,589.2600,431.2401,White Space,White Space,0.0000,0.0000,0.0000,0.0000,0.0000,0.0000,-13.3683,-60.5679,609.1906,38.8463,-72.4358,612.9262,771.7508,757.9135,552.6513,805.4929,-,-,-,-,-,-,-,-
3949,3949,721438.349,11:43:09:647,Trial028,28 b triste joie.jpg,0.0,5990.451,20,DarkCyan,89.8096,Eye,Saccade,Saccade,12,12,15.6322,15.6322,3.4802,13.2392,13.2392,2.9831,806.6181,453.7582,806.6181,453.7582,yeux joie,yeux joie,0.0000,0.0000,0.0000,0.0000,0.0000,0.0000,-12.7351,-60.6036,609.5239,39.4387,-72.4261,613.0461,766.8171,758.2925,547.9924,805.9287,-,-,-,-,-,-,-,-
3950,3950,721458.213,11:43:09:667,Trial028,28 b triste joie.jpg,0.0,5990.451,20,DarkCyan,89.8096,Eye,Fixation,Fixation,13,13,15.6034,15.6034,3.4752,12.9015,12.9015,2.9078,949.7638,466.4234,949.7638,466.4234,yeux joie,yeux joie,0.0000,0.0000,0.0000,0.0000,0.0000,0.0000,-12.2751,-60.6501,609.7614,39.7817,-72.4151,612.9445,763.4530,758.7322,545.0350,805.7629,-,-,-,-,-,-,-,-
3951,3951,721478.102,11:43:09:686,Trial028,28 b triste joie.jpg,0.0,5990.451,20,DarkCyan,89.8096,Eye,Fixation,Fixation,13,13,15.2480,15.2480,3.3966,13.2371,13.2371,2.9825,946.0506,473.0665,946.0506,473.0665,yeux joie,yeux joie,0.0000,0.0000,0.0000,0.0000,0.0000,0.0000,-12.2374,-60.6124,609.6742,39.8681,-72.4016,613.0101,763.3025,758.4698,544.8367,805.8274,-,-,-,-,-,-,-,-
3952,3952,721498.086,11:43:09:706,Trial028,28 b triste joie.jpg,0.0,5990.451,20,DarkCyan,89.8096,Eye,Fixation,Fixation,13,13,15.0232,15.0232,3.3462,13.1357,13.1357,2.9614,952.1845,451.3989,952.1845,451.3989,yeux joie,yeux joie,0.0000,0.0000,0.0000,0.0000,0.0000,0.0000,-9.3774,-59.6558,609.6416,42.7788,-71.4568,613.2079,751.0119,754.2176,532.6605,801.3850,-,-,-,-,-,-,-,-
3953,3953,721517.974,11:43:09:726,Trial028,28 b triste joie.jpg,0.0,5990.451,20,DarkCyan,89.8096,Eye,Fixation,Fixation,13,13,15.1861,15.1861,3.3826,13.2119,13.2119,2.9793,952.0819,460.9427,952.0819,460.9427,yeux joie,yeux joie,0.0000,0.0000,0.0000,0.0000,0.0000,0.0000,-12.2301,-60.6036,609.6131,39.9315,-72.4396,613.4862,763.1806,758.3092,544.5941,805.4424,-,-,-,-,-,-,-,-
3954,3954,721537.841,11:43:09:746,Trial028,28 b triste joie.jpg,0.0,5990.451,20,DarkCyan,89.8096,Eye,Fixation,Fixation,13,13,15.4269,15.4269,3.4365,13.3884,13.3884,3.0196,953.9237,462.8903,953.9237,462.8903,yeux joie,yeux joie,0.0000,0.0000,0.0000,0.0000,0.0000,0.0000,-12.2179,-60.6134,609.7847,39.9610,-72.4445,613.7184,763.1122,758.1988,544.4170,805.4473,-,-,-,-,-,-,-,-
3955,3955,721557.722,11:43:09:766,Trial028,28 b triste joie.jpg,0.0,5990.451,20,DarkCyan,89.8096,Eye,Fixation,Fixation,13,13,15.1851,15.1851,3.3837,12.9504,12.9504,2.9243,953.8113,446.5922,953.8113,446.5922,yeux joie,yeux joie,0.0000,0.0000,0.0000,0.0000,0.0000,0.0000,-12.1976,-60.5921,609.8508,40.0412,-72.3810,614.1304,762.8536,757.6424,544.4905,804.9126,-,-,-,-,-,-,-,-
3956,3956,721577.59,11:43:09:786,Trial028,28 b triste joie.jpg,0.0,5990.451,20,DarkCyan,89.8096,Eye,Fixation,Fixation,13,13,15.3900,15.3900,3.4304,12.6768,12.6768,2.8625,953.3699,459.1072,953.3699,459.1072,yeux joie,yeux joie,0.0000,0.0000,0.0000,0.0000,0.0000,0.0000,-12.1304,-60.5903,610.1463,40.0891,-72.2806,613.9321,762.6835,757.9211,544.1489,804.5444,-,-,-,-,-,-,-,-
3957,3957,721597.472,11:43:09:806,Trial028,28 b triste joie.jpg,0.0,5990.451,20,DarkCyan,89.8096,Eye,Fixation,Fixation,13,13,15.4519,15.4519,3.4450,13.3026,13.3026,3.0023,953.4292,460.2314,953.4292,460.2314,yeux joie,yeux joie,0.0000,0.0000,0.0000,0.0000,0.0000,0.0000,-12.0789,-60.5375,610.3382,40.2021,-72.2602,614.0903,762.4363,757.6875,543.7072,804.2956,-,-,-,-,-,-,-,-
3958,3958,721617.346,11:43:09:826,Trial028,28 b triste joie.jpg,0.0,5990.451,20,DarkCyan,89.8096,Eye,Fixation,Fixation,13,13,15.3656,15.3656,3.4258,12.9826,12.9826,2.9337,952.4668,466.7000,952.4668,466.7000,yeux joie,yeux joie,0.0000,0.0000,0.0000,0.0000,0.0000,0.0000,-11.9915,-60.4676,610.3042,40.2942,-72.2014,614.6163,762.1462,757.6319,543.5188,803.8828,-,-,-,-,-,-,-,-
3959,3959,721637.208,11:43:09:846,Trial028,28 b triste joie.jpg,0.0,5990.451,20,DarkCyan,89.8096,Eye,Fixation,Fixation,13,13,15.2584,15.2584,3.4028,12.6326,12.6326,2.8557,950.6909,467.2841,950.6909,467.2841,yeux joie,yeux joie,0.0000,0.0000,0.0000,0.0000,0.0000,0.0000,-11.8376,-60.4519,610.4081,40.4580,-72.1458,614.5832,761.6512,757.4242,542.8190,803.6770,-,-,-,-,-,-,-,-
3960,3960,721657.094,11:43:09:865,Trial028,28 b triste joie.jpg,0.0,5990.451,20,DarkCyan,89.8096,Eye,Fixation,Fixation,13,13,15.2159,15.2159,3.3933,13.3434,13.3434,3.0168,952.9649,466.5723,952.9649,466.5723,yeux joie,yeux joie,0.0000,0.0000,0.0000,0.0000,0.0000,0.0000,-11.7536,-60.4745,610.3823,40.5803,-72.1887,615.2030,760.9297,757.4707,542.3901,803.6984,-,-,-,-,-,-,-,-
3961,3961,721677.095,11:43:09:885,Trial028,28 b triste joie.jpg,0.0,5990.451,20,DarkCyan,89.8096,Eye,Fixation,Fixation,13,13,14.9139,14.9139,3.3279,12.9287,12.9287,2.9255,953.2271,464.4594,953.2271,464.4594,yeux joie,yeux joie,0.0000,0.0000,0.0000,0.0000,0.0000,0.0000,-11.5878,-60.4770,610.5811,40.7740,-72.1841,615.3993,760.2800,757.4025,541.7110,803.4890,-,-,-,-,-,-,-,-
3962,3962,721696.963,11:43:09:905,Trial028,28 b triste joie.jpg,0.0,5990.451,20,DarkCyan,89.8096,Eye,Fixation,Fixation,13,13,14.9899,14.9899,3.3464,12.7155,12.7155,2.8794,954.0225,457.7813,954.0225,457.7813,yeux joie,yeux joie,0.0000,0.0000,0.0000,0.0000,0.0000,0.0000,-11.4630,-60.5056,610.8976,40.9353,-72.2018,615.6821,759.6828,757.1186,541.2307,803.1867,-,-,-,-,-,-,-,-
3963,3963,721716.848,11:43:09:925,Trial028,28 b triste joie.jpg,0.0,5990.451,20,DarkCyan,89.8096,Eye,Fixation,Fixation,13,13,14.7854,14.7854,3.3011,13.0363,13.0363,2.9517,955.2693,462.4792,955.2693,462.4792,yeux joie,yeux joie,0.0000,0.0000,0.0000,0.0000,0.0000,0.0000,-11.2984,-60.4892,610.8623,41.0872,-72.1905,615.8534,758.9999,757.3051,540.3728,803.3970,-,-,-,-,-,-,-,-
3964,3964,721736.711,11:43:09:945,Trial028,28 b triste joie.jpg,0.0,5990.451,20,DarkCyan,89.8096,Eye,Fixation,Fixation,13,13,15.0460,15.0460,3.3589,13.1655,13.1655,2.9802,956.0965,465.0555,956.0965,465.0555,yeux joie,yeux joie,0.0000,0.0000,0.0000,0.0000,0.0000,0.0000,-11.0830,-60.4985,610.9483,41.2901,-72.1639,615.7965,758.1230,757.5353,539.5514,803.2828,-,-,-,-,-,-,-,-
3965,3965,721756.598,11:43:09:965,Trial028,28 b triste joie.jpg,0.0,5990.451,20,DarkCyan,89.8096,Eye,Fixation,Fixation,13,13,15.4046,15.4046,3.4385,13.3640,13.3640,3.0253,954.3626,468.9877,954.3626,468.9877,yeux joie,yeux joie,0.0000,0.0000,0.0000,0.0000,0.0000,0.0000,-10.8751,-60.5034,611.0578,41.5309,-72.2281,615.9519,757.4147,757.6637,538.7027,803.4943,-,-,-,-,-,-,-,-
3966,3966,721776.467,11:43:09:985,Trial028,28 b triste joie.jpg,0.0,5990.451,20,DarkCyan,89.8096,Eye,Fixation,Fixation,13,13,14.7597,14.7597,3.2976,13.1259,13.1259,2.9707,954.8085,465.6859,954.8085,465.6859,yeux joie,yeux joie,0.0000,0.0000,0.0000,0.0000,0.0000,0.0000,-10.6354,-60.5360,611.2672,41.7111,-72.2021,615.6186,756.4622,757.3608,537.6872,803.3583,-,-,-,-,-,-,-,-
3967,3967,721796.336,11:43:10:005,Trial028,28 b triste joie.jpg,0.0,5990.451,20,DarkCyan,89.8096,Eye,Fixation,Fixation,13,13,15.2041,15.2041,3.3966,13.0541,13.0541,2.9544,952.1699,472.7634,952.1699,472.7634,yeux joie,yeux joie,0.0000,0.0000,0.0000,0.0000,0.0000,0.0000,-10.4032,-60.5847,611.4683,41.9288,-72.2244,615.5385,755.5712,757.6026,536.9849,803.9623,-,-,-,-,-,-,-,-
3968,3968,721816.218,11:43:10:025,Trial028,28 b triste joie.jpg,0.0,5990.451,20,DarkCyan,89.8096,Eye,Fixation,Fixation,13,13,15.0352,15.0352,3.3601,13.0029,13.0029,2.9433,954.9248,466.4505,954.9248,466.4505,yeux joie,yeux joie,0.0000,0.0000,0.0000,0.0000,0.0000,0.0000,-10.1948,-60.6817,611.5972,42.1416,-72.4028,615.5577,754.3800,757.6362,535.9868,804.3290,-,-,-,-,-,-,-,-
3969,3969,721836.211,11:43:10:045,Trial028,28 b triste joie.jpg,0.0,5990.451,20,DarkCyan,89.8096,Eye,Fixation,Fixation,13,13,15.0590,15.0590,3.3672,13.5209,13.5209,3.0617,956.5269,467.0734,956.5269,467.0734,yeux joie,yeux joie,0.0000,0.0000,0.0000,0.0000,0.0000,0.0000,-9.9966,-60.7714,611.9317,42.3258,-72.5673,616.1544,753.5402,758.0511,535.3434,804.7291,-,-,-,-,-,-,-,-
3970,3970,721856.083,11:43:10:064,Trial028,28 b triste joie.jpg,0.0,5990.451,20,DarkCyan,89.8096,Eye,Fixation,Fixation,13,13,14.5577,14.5577,3.2586,13.0008,13.0008,2.9467,958.4151,465.0945,958.4151,465.0945,yeux joie,yeux joie,0.0000,0.0000,0.0000,0.0000,0.0000,0.0000,-9.8451,-60.8527,612.2888,42.5186,-72.7711,616.3143,752.8530,758.0860,534.5990,805.5776,-,-,-,-,-,-,-,-
3971,3971,721875.967,11:43:10:084,Trial028,28 b triste joie.jpg,0.0,5990.451,20,DarkCyan,89.8096,Eye,Fixation,Fixation,13,13,14.9822,14.9822,3.3529,12.6909,12.6909,2.8794,957.4758,468.4293,957.4758,468.4293,yeux joie,yeux joie,0.0000,0.0000,0.0000,0.0000,0.0000,0.0000,-9.7304,-60.9627,612.4059,42.6006,-72.9688,616.6775,752.4987,758.9318,534.3794,806.0915,-,-,-,-,-,-,-,-
3972,3972,721895.844,11:43:10:104,Trial028,28 b triste joie.jpg,0.0,5990.451,20,DarkCyan,89.8096,Eye,Fixation,Fixation,13,13,14.5933,14.5933,3.2665,12.9512,12.9512,2.9365,960.8365,461.5113,960.8365,461.5113,yeux joie,yeux joie,0.0000,0.0000,0.0000,0.0000,0.0000,0.0000,-9.6783,-61.0668,612.2871,42.6469,-73.0938,616.4457,752.1746,758.9240,533.8562,806.7136,-,-,-,-,-,-,-,-
3973,3973,721915.717,11:43:10:124,Trial028,28 b triste joie.jpg,0.0,5990.451,20,DarkCyan,89.8096,Eye,Fixation,Fixation,13,13,14.6110,14.6110,3.2696,13.1488,13.1488,2.9822,962.2623,462.0393,962.2623,462.0393,yeux joie,yeux joie,0.0000,0.0000,0.0000,0.0000,0.0000,0.0000,-7.7743,-61.0806,612.1450,44.5873,-73.2954,616.6253,744.2365,759.1386,525.9266,807.3676,-,-,-,-,-,-,-,-
3974,3974,721935.585,11:43:10:144,Trial028,28 b triste joie.jpg,0.0,5990.451,20,DarkCyan,89.8096,Eye,Fixation,Fixation,13,13,14.3744,14.3744,3.2178,12.7208,12.7208,2.8881,963.5177,464.2557,963.5177,464.2557,yeux joie,yeux joie,0.0000,0.0000,0.0000,0.0000,0.0000,0.0000,-9.7340,-61.1938,612.1933,42.6221,-73.4466,617.0689,752.3886,759.5546,534.1899,808.1528,-,-,-,-,-,-,-,-
3975,3975,721955.454,11:43:10:164,Trial028,28 b triste joie.jpg,0.0,5990.451,20,DarkCyan,89.8096,Eye,Fixation,Fixation,13,13,14.5716,14.5716,3.2624,13.0872,13.0872,2.9709,962.0090,460.7557,962.0090,460.7557,yeux joie,yeux joie,0.0000,0.0000,0.0000,0.0000,0.0000,0.0000,-9.8417,-61.3051,612.3925,42.5891,-73.5938,617.2513,752.8811,759.9200,534.5971,808.5045,-,-,-,-,-,-,-,-
3976,3976,721975.336,11:43:10:184,Trial028,28 b triste joie.jpg,0.0,5990.451,20,DarkCyan,89.8096,Eye,Fixation,Fixation,13,13,14.3786,14.3786,3.2194,12.6163,12.6163,2.8635,962.0385,457.8539,962.0385,457.8539,yeux joie,yeux joie,0.0000,0.0000,0.0000,0.0000,0.0000,0.0000,-9.9333,-61.3230,612.2912,42.5012,-73.5417,616.7833,753.2196,760.0577,534.9744,808.3841,-,-,-,-,-,-,-,-
3977,3977,721995.33,11:43:10:204,Trial028,28 b triste joie.jpg,0.0,5990.451,20,DarkCyan,89.8096,Eye,Fixation,Fixation,13,13,14.3184,14.3184,3.2074,12.7666,12.7666,2.8981,963.1518,461.2567,963.1518,461.2567,yeux joie,yeux joie,0.0000,0.0000,0.0000,0.0000,0.0000,0.0000,-10.0505,-61.3685,612.5490,42.3627,-73.5892,617.0074,753.7782,760.3128,535.4075,808.7145,-,-,-,-,-,-,-,-
3978,3978,722015.213,11:43:10:224,Trial028,28 b triste joie.jpg,0.0,5990.451,20,DarkCyan,89.8096,Eye,Saccade,Saccade,13,13,14.1883,14.1883,3.1783,12.7183,12.7183,2.8867,970.3552,457.7481,970.3552,457.7481,yeux joie,yeux joie,0.0000,0.0000,0.0000,0.0000,0.0000,0.0000,-10.1151,-61.4980,612.4482,42.3275,-73.5892,616.8799,753.7316,760.5058,535.2186,808.9417,-,-,-,-,-,-,-,-
3979,3979,722035.09,11:43:10:243,Trial028,28 b triste joie.jpg,0.0,5990.451,20,DarkCyan,89.8096,Eye,Fixation,Fixation,14,14,14.2739,14.2739,3.1984,12.6458,12.6458,2.8708,1082.4236,464.9781,1082.4236,464.9781,yeux joie,yeux joie,0.0000,0.0000,0.0000,0.0000,0.0000,0.0000,-10.0444,-61.6038,612.6721,42.3429,-73.5983,616.9366,752.6335,761.4232,534.1865,809.1496,-,-,-,-,-,-,-,-
3980,3980,722054.957,11:43:10:263,Trial028,28 b triste joie.jpg,0.0,5990.451,20,DarkCyan,89.8096,Eye,Fixation,Fixation,14,14,14.1252,14.1252,3.1658,12.6252,12.6252,2.8648,1079.6932,467.8727,1079.6932,467.8727,yeux joie,yeux joie,0.0000,0.0000,0.0000,0.0000,0.0000,0.0000,-10.1904,-61.6216,612.7103,42.2112,-73.5933,616.6421,753.2974,761.3953,534.6988,809.3098,-,-,-,-,-,-,-,-
3981,3981,722074.84,11:43:10:283,Trial028,28 b triste joie.jpg,0.0,5990.451,20,DarkCyan,89.8096,Eye,Fixation,Fixation,14,14,14.0480,14.0480,3.1480,12.5088,12.5088,2.8390,1090.6329,467.2208,1090.6329,467.2208,yeux joie,yeux joie,0.0000,0.0000,0.0000,0.0000,0.0000,0.0000,-10.3636,-61.6469,612.5629,42.0735,-73.5896,616.7040,753.6566,761.4918,535.1746,809.1593,-,-,-,-,-,-,-,-
3982,3982,722094.707,11:43:10:303,Trial028,28 b triste joie.jpg,0.0,5990.451,20,DarkCyan,89.8096,Eye,Fixation,Fixation,14,14,14.0422,14.0422,3.1473,12.6180,12.6180,2.8633,1089.8752,464.3098,1089.8752,464.3098,yeux joie,yeux joie,0.0000,0.0000,0.0000,0.0000,0.0000,0.0000,-10.4910,-61.6911,612.6721,41.9113,-73.5814,616.6859,754.5167,761.5726,535.7280,808.9494,-,-,-,-,-,-,-,-
3983,3983,722114.591,11:43:10:323,Trial028,28 b triste joie.jpg,0.0,5990.451,20,DarkCyan,89.8096,Eye,Fixation,Fixation,14,14,14.0043,14.0043,3.1379,12.6713,12.6713,2.8750,1085.8289,469.6600,1085.8289,469.6600,yeux joie,yeux joie,0.0000,0.0000,0.0000,0.0000,0.0000,0.0000,-10.6213,-61.6250,612.4814,41.8347,-73.5543,616.6612,755.1440,761.3730,536.2302,809.1197,-,-,-,-,-,-,-,-
3984,3984,722134.588,11:43:10:343,Trial028,28 b triste joie.jpg,0.0,5990.451,20,DarkCyan,89.8096,Eye,Fixation,Fixation,14,14,13.9853,13.9853,3.1338,12.6184,12.6184,2.8625,1082.4711,471.7169,1082.4711,471.7169,yeux joie,yeux joie,0.0000,0.0000,0.0000,0.0000,0.0000,0.0000,-10.6903,-61.6077,612.4913,41.7125,-73.5167,616.5072,755.4180,761.4276,536.8319,808.8770,-,-,-,-,-,-,-,-
3985,3985,722154.453,11:43:10:363,Trial028,28 b triste joie.jpg,0.0,5990.451,20,DarkCyan,89.8096,Eye,Fixation,Fixation,14,14,14.1970,14.1970,3.1801,12.3974,12.3974,2.8120,1091.8283,467.5783,1091.8283,467.5783,yeux joie,yeux joie,0.0000,0.0000,0.0000,0.0000,0.0000,0.0000,-10.8366,-61.6093,612.3981,41.5986,-73.4862,616.2726,755.6597,761.3077,536.9299,808.6584,-,-,-,-,-,-,-,-
3986,3986,722174.332,11:43:10:383,Trial028,28 b triste joie.jpg,0.0,5990.451,20,DarkCyan,89.8096,Eye,Fixation,Fixation,14,14,14.0859,14.0859,3.1548,12.7348,12.7348,2.8873,1084.5431,468.2689,1084.5431,468.2689,yeux joie,yeux joie,0.0000,0.0000,0.0000,0.0000,0.0000,0.0000,-10.8853,-61.5676,612.2489,41.5542,-73.4691,616.2766,756.2196,761.3529,537.3742,808.4118,-,-,-,-,-,-,-,-
3987,3987,722194.21,11:43:10:403,Trial028,28 b triste joie.jpg,0.0,5990.451,20,DarkCyan,89.8096,Eye,Fixation,Fixation,14,14,13.6440,13.6440,3.0584,12.7278,12.7278,2.8841,1085.1987,466.8455,1085.1987,466.8455,yeux joie,yeux joie,0.0000,0.0000,0.0000,0.0000,0.0000,0.0000,-10.9395,-61.5844,612.4683,41.4935,-73.4236,615.9303,756.4214,761.2447,537.4298,808.3310,-,-,-,-,-,-,-,-
3988,3988,722214.083,11:43:10:422,Trial028,28 b triste joie.jpg,0.0,5990.451,20,DarkCyan,89.8096,Eye,Fixation,Fixation,14,14,13.9385,13.9385,3.1248,12.8359,12.8359,2.9068,1084.0993,467.5882,1084.0993,467.5882,yeux joie,yeux joie,0.0000,0.0000,0.0000,0.0000,0.0000,0.0000,-11.0414,-61.6222,612.7522,41.3653,-73.3448,615.6411,756.6593,761.2623,538.1120,808.3884,-,-,-,-,-,-,-,-
3989,3989,722233.962,11:43:10:442,Trial028,28 b triste joie.jpg,0.0,5990.451,20,DarkCyan,89.8096,Eye,Fixation,Fixation,14,14,13.8924,13.8924,3.1135,12.7657,12.7657,2.8916,1084.4222,472.0948,1084.4222,472.0948,yeux joie,yeux joie,0.0000,0.0000,0.0000,0.0000,0.0000,0.0000,-11.0999,-61.6025,612.5378,41.3093,-73.2680,615.7642,757.0678,761.2508,538.1370,808.3823,-,-,-,-,-,-,-,-
3990,3990,722253.834,11:43:10:462,Trial028,28 b triste joie.jpg,0.0,5990.451,20,DarkCyan,89.8096,Eye,Fixation,Fixation,14,14,13.9416,13.9416,3.1248,12.5610,12.5610,2.8464,1083.8702,471.4265,1083.8702,471.4265,yeux joie,yeux joie,0.0000,0.0000,0.0000,0.0000,0.0000,0.0000,-11.1522,-61.6019,612.6151,41.2937,-73.2474,615.8599,757.2484,761.3798,538.3076,808.0664,-,-,-,-,-,-,-,-
3991,3991,722273.714,11:43:10:482,Trial028,28 b triste joie.jpg,0.0,5990.451,20,DarkCyan,89.8096,Eye,Fixation,Fixation,14,14,13.6893,13.6893,3.0718,12.2205,12.2205,2.7690,1081.5232,472.1338,1081.5232,472.1338,yeux joie,yeux joie,0.0000,0.0000,0.0000,0.0000,0.0000,0.0000,-11.2186,-61.6559,613.1484,41.2236,-73.1940,615.5277,757.6349,761.4149,538.5756,808.0628,-,-,-,-,-,-,-,-
3992,3992,722293.71,11:43:10:502,Trial028,28 b triste joie.jpg,0.0,5990.451,20,DarkCyan,89.8096,Eye,Fixation,Fixation,14,14,13.9432,13.9432,3.1283,12.3457,12.3457,2.7970,1080.4683,476.6885,1080.4683,476.6885,yeux joie,yeux joie,0.0000,0.0000,0.0000,0.0000,0.0000,0.0000,-11.3048,-61.6723,613.2180,41.1484,-73.1834,615.5504,757.8209,761.6278,538.9313,808.1018,-,-,-,-,-,-,-,-
3993,3993,722313.576,11:43:10:522,Trial028,28 b triste joie.jpg,0.0,5990.451,20,DarkCyan,89.8096,Eye,Fixation,Fixation,14,14,13.6054,13.6054,3.0525,12.0020,12.0020,2.7192,1081.8041,470.5604,1081.8041,470.5604,yeux joie,yeux joie,0.0000,0.0000,0.0000,0.0000,0.0000,0.0000,-11.3475,-61.6503,612.9892,41.0607,-73.1613,615.2715,757.9022,761.4138,539.0787,807.6956,-,-,-,-,-,-,-,-
3994,3994,722333.448,11:43:10:542,Trial028,28 b triste joie.jpg,0.0,5990.451,20,DarkCyan,89.8096,Eye,Fixation,Fixation,14,14,13.6618,13.6618,3.0650,12.4382,12.4382,2.8153,1084.5880,472.1087,1084.5880,472.1087,yeux joie,yeux joie,0.0000,0.0000,0.0000,0.0000,0.0000,0.0000,-11.3869,-61.6508,612.9926,41.0402,-73.1349,615.0452,758.1456,761.3872,538.8609,807.9473,-,-,-,-,-,-,-,-
3995,3995,722353.335,11:43:10:562,Trial028,28 b triste joie.jpg,0.0,5990.451,20,DarkCyan,89.8096,Eye,Fixation,Fixation,14,14,13.8519,13.8519,3.1066,12.1564,12.1564,2.7522,1083.3934,470.4327,1083.3934,470.4327,yeux joie,yeux joie,0.0000,0.0000,0.0000,0.0000,0.0000,0.0000,-11.3775,-61.6184,612.9325,41.0926,-73.0854,614.9648,758.1764,761.2009,538.8639,807.7262,-,-,-,-,-,-,-,-
3996,3996,722373.211,11:43:10:582,Trial028,28 b triste joie.jpg,0.0,5990.451,20,DarkCyan,89.8096,Eye,Fixation,Fixation,14,14,12.9447,12.9447,2.9066,12.0501,12.0501,2.7290,1082.0152,478.8204,1082.0152,478.8204,yeux joie,yeux joie,0.0000,0.0000,0.0000,0.0000,0.0000,0.0000,-11.3866,-61.5317,613.0168,41.2285,-73.0219,615.0679,758.2034,761.0734,538.3024,807.7027,-,-,-,-,-,-,-,-
3997,3997,722393.066,11:43:10:601,Trial028,28 b triste joie.jpg,0.0,5990.451,20,DarkCyan,89.8096,Eye,Blink,Blink,3,2,0.0000,0.0000,3.0693,0.0000,0.0000,2.7943,0.0000,0.0000,0.0000,0.0000,-,-,0.0000,0.0000,0.0000,0.0000,0.0000,0.0000,-11.3866,-61.5317,613.0168,41.2285,-73.0219,615.0679,0.0000,0.0000,0.0000,0.0000,-,-,-,-,-,-,-,-
3998,3998,722412.956,11:43:10:621,Trial028,28 b triste joie.jpg,0.0,5990.451,20,DarkCyan,89.8096,Eye,Blink,Blink,3,2,0.0000,0.0000,3.0693,0.0000,0.0000,2.7943,0.0000,0.0000,0.0000,0.0000,-,-,0.0000,0.0000,0.0000,0.0000,0.0000,0.0000,-11.3866,-61.5317,613.0168,41.2285,-73.0219,615.0679,0.0000,0.0000,0.0000,0.0000,-,-,-,-,-,-,-,-
3999,3999,722432.826,11:43:10:641,Trial028,28 b triste joie.jpg,0.0,5990.451,20,DarkCyan,89.8096,Eye,Blink,Blink,3,2,0.0000,0.0000,3.0693,0.0000,0.0000,2.7943,0.0000,0.0000,0.0000,0.0000,-,-,0.0000,0.0000,0.0000,0.0000,0.0000,0.0000,-11.3866,-61.5317,613.0168,41.2285,-73.0219,615.0679,0.0000,0.0000,0.0000,0.0000,-,-,-,-,-,-,-,-
4000,4000,722452.823,11:43:10:661,Trial028,28 b triste joie.jpg,0.0,5990.451,20,DarkCyan,89.8096,Eye,Blink,Blink,3,2,26.0614,26.0614,3.0693,24.8017,24.8017,2.7943,0.0000,0.0000,0.0000,0.0000,-,-,0.0000,0.0000,0.0000,0.0000,0.0000,0.0000,-11.4712,-61.8959,612.8633,40.8876,-73.3627,615.1746,775.1242,777.7076,532.9890,822.8900,-,-,-,-,-,-,-,-
4001,4001,722472.704,11:43:10:681,Trial028,28 b triste joie.jpg,0.0,5990.451,20,DarkCyan,89.8096,Eye,Blink,Blink,3,2,0.0000,0.0000,3.0693,29.9382,29.9382,2.7943,0.0000,0.0000,0.0000,0.0000,-,-,0.0000,0.0000,0.0000,0.0000,0.0000,0.0000,-11.4712,-61.8959,612.8633,41.2913,-73.7225,615.3230,0.0000,0.0000,531.9403,820.2591,-,-,-,-,-,-,-,-
4002,4002,722492.572,11:43:10:701,Trial028,28 b triste joie.jpg,0.0,5990.451,20,DarkCyan,89.8096,Eye,Saccade,Saccade,14,14,13.5428,13.5428,3.0395,12.2153,12.2153,2.7669,961.9152,760.2085,961.9152,760.2085,bouche joie,bouche joie,0.0000,0.0000,0.0000,0.0000,0.0000,0.0000,-11.2585,-62.3563,613.0893,41.3855,-73.8623,615.2044,758.7041,767.3019,538.9426,813.7063,-,-,-,-,-,-,-,-
4003,4003,722512.45,11:43:10:721,Trial028,28 b triste joie.jpg,0.0,5990.451,20,DarkCyan,89.8096,Eye,Fixation,Fixation,15,15,14.1045,14.1045,3.1641,11.5597,11.5597,2.6214,992.7936,682.2099,992.7936,682.2099,bouche joie,bouche joie,0.0000,0.0000,0.0000,0.0000,0.0000,0.0000,-11.1785,-62.4752,613.1746,41.4854,-74.0503,615.2934,758.0786,766.9374,538.0708,813.5883,-,-,-,-,-,-,-,-
4004,4004,722532.321,11:43:10:741,Trial028,28 b triste joie.jpg,0.0,5990.451,20,DarkCyan,89.8096,Eye,Fixation,Fixation,15,15,13.9080,13.9080,3.1188,12.2464,12.2464,2.7735,970.1053,711.5769,970.1053,711.5769,bouche joie,bouche joie,0.0000,0.0000,0.0000,0.0000,0.0000,0.0000,-11.0954,-62.5554,612.7979,41.5979,-74.1025,615.0968,758.0136,767.5720,538.0131,814.4646,-,-,-,-,-,-,-,-
4005,4005,722552.198,11:43:10:761,Trial028,28 b triste joie.jpg,0.0,5990.451,20,DarkCyan,89.8096,Eye,Fixation,Fixation,15,15,13.7295,13.7295,3.0801,11.8509,11.8509,2.6852,975.7719,704.5616,975.7719,704.5616,bouche joie,bouche joie,0.0000,0.0000,0.0000,0.0000,0.0000,0.0000,-10.9386,-62.6047,612.9317,41.7190,-74.2279,615.0222,757.2386,767.7598,537.3089,814.7765,-,-,-,-,-,-,-,-
4006,4006,722572.077,11:43:10:780,Trial028,28 b triste joie.jpg,0.0,5990.451,20,DarkCyan,89.8096,Eye,Fixation,Fixation,15,15,13.3379,13.3379,2.9929,12.2135,12.2135,2.7662,974.6686,702.2321,974.6686,702.2321,bouche joie,bouche joie,0.0000,0.0000,0.0000,0.0000,0.0000,0.0000,-10.8420,-62.6886,612.7840,41.8658,-74.3022,615.0585,756.6747,767.9543,536.9696,815.2198,-,-,-,-,-,-,-,-
4007,4007,722591.948,11:43:10:800,Trial028,28 b triste joie.jpg,0.0,5990.451,20,DarkCyan,89.8096,Eye,Fixation,Fixation,15,15,14.4750,14.4750,3.2449,12.1849,12.1849,2.7595,970.2333,710.4792,970.2333,710.4792,bouche joie,bouche joie,0.0000,0.0000,0.0000,0.0000,0.0000,0.0000,-10.7352,-62.7858,612.9508,41.9542,-74.3233,614.9688,756.7888,768.5990,536.2463,815.3881,-,-,-,-,-,-,-,-
4008,4008,722611.943,11:43:10:820,Trial028,28 b triste joie.jpg,0.0,5990.451,20,DarkCyan,89.8096,Eye,Fixation,Fixation,15,15,13.7876,13.7876,3.0933,12.1402,12.1402,2.7508,972.3043,710.9055,972.3043,710.9055,bouche joie,bouche joie,0.0000,0.0000,0.0000,0.0000,0.0000,0.0000,-10.6798,-62.8326,612.9936,42.0070,-74.4300,615.2551,756.3171,768.8123,536.1158,815.6242,-,-,-,-,-,-,-,-
4009,4009,722631.823,11:43:10:840,Trial028,28 b triste joie.jpg,0.0,5990.451,20,DarkCyan,89.8096,Eye,Fixation,Fixation,15,15,13.2711,13.2711,2.9782,12.4622,12.4622,2.8231,973.2675,710.1918,973.2675,710.1918,bouche joie,bouche joie,0.0000,0.0000,0.0000,0.0000,0.0000,0.0000,-10.6110,-62.8583,612.7854,42.1074,-74.5466,615.3508,755.6270,768.7721,536.0989,816.2464,-,-,-,-,-,-,-,-
4010,4010,722651.691,11:43:10:860,Trial028,28 b triste joie.jpg,0.0,5990.451,20,DarkCyan,89.8096,Eye,Fixation,Fixation,15,15,13.2751,13.2751,2.9787,12.2368,12.2368,2.7717,972.6033,708.7196,972.6033,708.7196,bouche joie,bouche joie,0.0000,0.0000,0.0000,0.0000,0.0000,0.0000,-10.5940,-62.9144,612.7073,42.1371,-74.5485,615.0934,755.7402,769.1235,535.8048,816.1585,-,-,-,-,-,-,-,-
4011,4011,722671.576,11:43:10:880,Trial028,28 b triste joie.jpg,0.0,5990.451,20,DarkCyan,89.8096,Eye,Fixation,Fixation,15,15,13.3682,13.3682,3.0012,11.6955,11.6955,2.6506,970.9140,711.9182,970.9140,711.9182,bouche joie,bouche joie,0.0000,0.0000,0.0000,0.0000,0.0000,0.0000,-10.5314,-62.9920,613.1078,42.1378,-74.5432,614.9414,755.7415,769.3024,535.6070,816.4358,-,-,-,-,-,-,-,-
4012,4012,722691.444,11:43:10:900,Trial028,28 b triste joie.jpg,0.0,5990.451,20,DarkCyan,89.8096,Eye,Fixation,Fixation,15,15,13.3289,13.3289,2.9933,11.9132,11.9132,2.6992,969.9541,709.1273,969.9541,709.1273,bouche joie,bouche joie,0.0000,0.0000,0.0000,0.0000,0.0000,0.0000,-10.5208,-63.0399,613.2532,42.1605,-74.6126,614.9787,755.5427,769.2473,535.7041,816.6306,-,-,-,-,-,-,-,-
4013,4013,722711.32,11:43:10:920,Trial028,28 b triste joie.jpg,0.0,5990.451,20,DarkCyan,89.8096,Eye,Fixation,Fixation,15,15,13.3463,13.3463,2.9983,11.9822,11.9822,2.7153,968.5060,709.4599,968.5060,709.4599,bouche joie,bouche joie,0.0000,0.0000,0.0000,0.0000,0.0000,0.0000,-10.5180,-63.0557,613.4992,42.1404,-74.6273,615.1529,755.7139,769.3797,535.7714,816.5869,-,-,-,-,-,-,-,-
4014,4014,722731.198,11:43:10:940,Trial028,28 b triste joie.jpg,0.0,5990.451,20,DarkCyan,89.8096,Eye,Fixation,Fixation,15,15,13.4829,13.4829,3.0293,11.2913,11.2913,2.5599,967.1366,708.8990,967.1366,708.8990,bouche joie,bouche joie,0.0000,0.0000,0.0000,0.0000,0.0000,0.0000,-10.5217,-62.9825,613.6620,42.1296,-74.5018,614.7747,755.7285,769.1387,535.5947,815.7649,-,-,-,-,-,-,-,-
4015,4015,722751.069,11:43:10:959,Trial028,28 b triste joie.jpg,0.0,5990.451,20,DarkCyan,89.8096,Eye,Fixation,Fixation,15,15,13.0894,13.0894,2.9431,11.7374,11.7374,2.6578,968.9357,706.7279,968.9357,706.7279,bouche joie,bouche joie,0.0000,0.0000,0.0000,0.0000,0.0000,0.0000,-10.5138,-62.9032,613.8450,42.1110,-74.4320,614.4587,755.5626,768.6121,535.4184,815.6929,-,-,-,-,-,-,-,-
4016,4016,722771.066,11:43:10:979,Trial028,28 b triste joie.jpg,0.0,5990.451,20,DarkCyan,89.8096,Eye,Fixation,Fixation,15,15,13.4247,13.4247,3.0180,11.6955,11.6955,2.6473,965.8202,711.0554,965.8202,711.0554,bouche joie,bouche joie,0.0000,0.0000,0.0000,0.0000,0.0000,0.0000,-10.5170,-62.8483,614.0090,42.0985,-74.2051,614.2042,755.7308,768.4187,535.6070,815.4358,-,-,-,-,-,-,-,-
4017,4017,722790.952,11:43:10:999,Trial028,28 b triste joie.jpg,0.0,5990.451,20,DarkCyan,89.8096,Eye,Fixation,Fixation,15,15,13.0256,13.0256,2.9303,11.3742,11.3742,2.5756,964.9967,706.4240,964.9967,706.4240,bouche joie,bouche joie,0.0000,0.0000,0.0000,0.0000,0.0000,0.0000,-10.5121,-62.6932,614.1589,42.1075,-74.1456,614.1355,755.5337,767.4594,535.6307,814.7333,-,-,-,-,-,-,-,-
4018,4018,722810.814,11:43:11:019,Trial028,28 b triste joie.jpg,0.0,5990.451,20,DarkCyan,89.8096,Eye,Fixation,Fixation,15,15,13.0371,13.0371,2.9332,11.5012,11.5012,2.6030,964.9093,708.2293,964.9093,708.2293,bouche joie,bouche joie,0.0000,0.0000,0.0000,0.0000,0.0000,0.0000,-10.4876,-62.4834,614.2516,42.0903,-73.9324,613.9749,755.5309,766.6454,535.5290,814.2512,-,-,-,-,-,-,-,-
4019,4019,722830.699,11:43:11:039,Trial028,28 b triste joie.jpg,0.0,5990.451,20,DarkCyan,89.8096,Eye,Fixation,Fixation,15,15,13.2692,13.2692,2.9837,11.5145,11.5145,2.6056,964.3922,709.8395,964.3922,709.8395,bouche joie,bouche joie,0.0000,0.0000,0.0000,0.0000,0.0000,0.0000,-10.4730,-62.2780,614.0802,42.1178,-73.7174,613.9110,755.4172,766.0761,535.3973,813.3616,-,-,-,-,-,-,-,-
4020,4020,722850.566,11:43:11:059,Trial028,28 b triste joie.jpg,0.0,5990.451,20,DarkCyan,89.8096,Eye,Fixation,Fixation,15,15,13.0919,13.0919,2.9453,11.6060,11.6060,2.6265,963.1193,706.0834,963.1193,706.0834,bouche joie,bouche joie,0.0000,0.0000,0.0000,0.0000,0.0000,0.0000,-10.4922,-62.1844,614.2734,42.1172,-73.6632,614.0472,755.4974,765.4261,535.4983,812.7953,-,-,-,-,-,-,-,-
4021,4021,722870.443,11:43:11:079,Trial028,28 b triste joie.jpg,0.0,5990.451,20,DarkCyan,89.8096,Eye,Fixation,Fixation,15,15,13.1077,13.1077,2.9483,11.4419,11.4419,2.5896,961.6623,710.2691,961.6623,710.2691,bouche joie,bouche joie,0.0000,0.0000,0.0000,0.0000,0.0000,0.0000,-10.4694,-62.0039,614.1770,42.1260,-73.4853,613.9723,755.4709,764.8117,535.4703,812.4636,-,-,-,-,-,-,-,-
4022,4022,722890.325,11:43:11:099,Trial028,28 b triste joie.jpg,0.0,5990.451,20,DarkCyan,89.8096,Eye,Fixation,Fixation,15,15,13.0949,13.0949,2.9455,11.1070,11.1070,2.5153,962.7987,704.5769,962.7987,704.5769,bouche joie,bouche joie,0.0000,0.0000,0.0000,0.0000,0.0000,0.0000,-10.4503,-61.9645,614.1877,42.1334,-73.4752,614.0097,755.2842,764.4508,535.2755,812.0433,-,-,-,-,-,-,-,-
4023,4023,722910.198,11:43:11:119,Trial028,28 b triste joie.jpg,0.0,5990.451,20,DarkCyan,89.8096,Eye,Fixation,Fixation,15,15,12.7129,12.7129,2.8613,10.7554,10.7554,2.4375,970.1338,703.1046,970.1338,703.1046,bouche joie,bouche joie,0.0000,0.0000,0.0000,0.0000,0.0000,0.0000,-10.4297,-61.8443,614.2881,42.1361,-73.4397,614.1007,754.9904,763.9677,534.9436,811.7817,-,-,-,-,-,-,-,-
4024,4024,722930.199,11:43:11:139,Trial028,28 b triste joie.jpg,0.0,5990.451,20,DarkCyan,89.8096,Eye,Fixation,Fixation,15,15,12.6080,12.6080,2.8368,10.8400,10.8400,2.4561,970.9031,700.1888,970.9031,700.1888,bouche joie,bouche joie,0.0000,0.0000,0.0000,0.0000,0.0000,0.0000,-10.3924,-61.7362,614.0143,42.1458,-73.3663,614.0410,754.9920,763.6027,534.9737,811.4209,-,-,-,-,-,-,-,-
4025,4025,722950.072,11:43:11:158,Trial028,28 b triste joie.jpg,0.0,5990.451,20,DarkCyan,89.8096,Eye,Fixation,Fixation,15,15,12.6685,12.6685,2.8486,10.7463,10.7463,2.4367,975.7354,700.2474,975.7354,700.2474,bouche joie,bouche joie,0.0000,0.0000,0.0000,0.0000,0.0000,0.0000,-10.3747,-61.6727,613.6744,42.1864,-73.3289,614.4037,754.7493,763.2828,534.9777,811.4081,-,-,-,-,-,-,-,-
4026,4026,722969.942,11:43:11:178,Trial028,28 b triste joie.jpg,0.0,5990.451,20,DarkCyan,89.8096,Eye,Fixation,Fixation,15,15,12.9758,12.9758,2.9169,10.9996,10.9996,2.4938,969.9976,705.6406,969.9976,705.6406,bouche joie,bouche joie,0.0000,0.0000,0.0000,0.0000,0.0000,0.0000,-10.2890,-61.6125,613.7560,42.2475,-73.3162,614.5994,754.6523,763.5003,534.9867,811.1608,-,-,-,-,-,-,-,-
4027,4027,722989.824,11:43:11:198,Trial028,28 b triste joie.jpg,0.0,5990.451,20,DarkCyan,89.8096,Eye,Fixation,Fixation,15,15,12.0078,12.0078,2.7030,10.9996,10.9996,2.4930,974.2669,698.8091,974.2669,698.8091,bouche joie,bouche joie,0.0000,0.0000,0.0000,0.0000,0.0000,0.0000,-10.2517,-61.5727,613.8037,42.2732,-73.3003,614.4025,754.1281,762.8361,534.9867,811.1608,-,-,-,-,-,-,-,-
4028,4028,723009.69,11:43:11:218,Trial028,28 b triste joie.jpg,0.0,5990.451,20,DarkCyan,89.8096,Eye,Fixation,Fixation,15,15,11.9815,11.9815,2.6968,11.0898,11.0898,2.5116,976.7979,702.3190,976.7979,702.3190,bouche joie,bouche joie,0.0000,0.0000,0.0000,0.0000,0.0000,0.0000,-10.2248,-61.4802,613.7228,42.3186,-73.2161,614.0542,754.1276,762.8097,534.5182,810.9836,-,-,-,-,-,-,-,-
4029,4029,723029.57,11:43:11:238,Trial028,28 b triste joie.jpg,0.0,5990.451,20,DarkCyan,89.8096,Eye,Fixation,Fixation,15,15,11.7141,11.7141,2.6383,10.7656,10.7656,2.4394,976.9760,701.1263,976.9760,701.1263,bouche joie,bouche joie,0.0000,0.0000,0.0000,0.0000,0.0000,0.0000,-10.2327,-61.4350,613.8711,42.3691,-73.1553,614.0224,754.3107,762.4150,534.2481,810.8208,-,-,-,-,-,-,-,-
4030,4030,723049.439,11:43:11:258,Trial028,28 b triste joie.jpg,0.0,5990.451,20,DarkCyan,89.8096,Eye,Blink,Blink,4,3,0.0000,0.0000,2.8068,0.0000,0.0000,2.5053,0.0000,0.0000,0.0000,0.0000,-,-,0.0000,0.0000,0.0000,0.0000,0.0000,0.0000,-10.2327,-61.4350,613.8711,42.3691,-73.1553,614.0224,0.0000,0.0000,0.0000,0.0000,-,-,-,-,-,-,-,-
4031,4031,723069.316,11:43:11:278,Trial028,28 b triste joie.jpg,0.0,5990.451,20,DarkCyan,89.8096,Eye,Blink,Blink,4,3,0.0000,0.0000,2.8068,0.0000,0.0000,2.5053,0.0000,0.0000,0.0000,0.0000,-,-,0.0000,0.0000,0.0000,0.0000,0.0000,0.0000,-10.2327,-61.4350,613.8711,42.3691,-73.1553,614.0224,0.0000,0.0000,0.0000,0.0000,-,-,-,-,-,-,-,-
4032,4032,723089.328,11:43:11:298,Trial028,28 b triste joie.jpg,0.0,5990.451,20,DarkCyan,89.8096,Eye,Blink,Blink,4,3,0.0000,0.0000,2.8068,0.0000,0.0000,2.5053,0.0000,0.0000,0.0000,0.0000,-,-,0.0000,0.0000,0.0000,0.0000,0.0000,0.0000,-10.2327,-61.4350,613.8711,42.3691,-73.1553,614.0224,0.0000,0.0000,0.0000,0.0000,-,-,-,-,-,-,-,-
4033,4033,723109.192,11:43:11:318,Trial028,28 b triste joie.jpg,0.0,5990.451,20,DarkCyan,89.8096,Eye,Blink,Blink,4,3,0.0000,0.0000,2.8068,54.0000,25.0000,2.5053,0.0000,0.0000,0.0000,0.0000,-,-,0.0000,0.0000,0.0000,0.0000,0.0000,0.0000,-10.2327,-61.4350,613.8711,42.3691,-73.1553,614.0224,0.0000,0.0000,524.9495,843.3184,-,-,-,-,-,-,-,-
4034,4034,723129.064,11:43:11:337,Trial028,28 b triste joie.jpg,0.0,5990.451,20,DarkCyan,89.8096,Eye,Blink,Blink,4,3,0.0000,0.0000,2.8068,0.0000,0.0000,2.5053,0.0000,0.0000,0.0000,0.0000,-,-,0.0000,0.0000,0.0000,0.0000,0.0000,0.0000,-10.2327,-61.4350,613.8711,42.3691,-73.1553,614.0224,0.0000,0.0000,0.0000,0.0000,-,-,-,-,-,-,-,-
