,Unnamed: 0,RecordingTime [ms],Time of Day [h:m:s:ms],Trial,Stimulus,Export Start Trial Time [ms],Export End Trial Time [ms],Participant,Color,Tracking Ratio [%],Category Group,Category Right,Index Right,Pupil Size Right X [px],Pupil Size Right Y [px],Pupil Diameter Right [mm],Point of Regard Right X [px],Point of Regard Right Y [px],AOI Name Right,AOI Group Right,AOI Scope Right,AOI Order Right,Gaze Vector Right X,Gaze Vector Right Y,Gaze Vector Right Z,Eye Position Right X [mm],Eye Position Right Y [mm],Eye Position Right Z [mm],Pupil Position Right X [px],Pupil Position Right Y [px],Annotation Name,Annotation Description,Annotation Tags,Mouse Position X [px],Mouse Position Y [px],Scroll Direction X,Scroll Direction Y,Content
2532,2532,1196340.721,13:09:50:162,Trial006,06 b joie triste.jpg,0.0,5980.728,11,Coral,59.8589,Information,Separator,1,-,-,-,-,-,-,-,-,-,-,-,-,-,-,-,-,-,-,-,-,-,-,-,-,b joie triste.jpg
2533,2533,1196355.41,13:09:50:177,Trial006,06 b joie triste.jpg,0.0,5980.728,11,Coral,59.8589,Eye,-,-,14.0872,14.0872,3.6197,0.0000,0.0000,-,-,-,-,0.0000,0.0000,0.0000,-81.4337,-24.1200,700.9483,1010.9091,597.8778,-,-,-,-,-,-,-,-
2534,2534,1196375.285,13:09:50:197,Trial006,06 b joie triste.jpg,0.0,5980.728,11,Coral,59.8589,Eye,-,-,14.2032,14.2032,3.6489,0.0000,0.0000,-,-,-,-,0.0000,0.0000,0.0000,-82.1771,-24.0957,700.8227,1013.6292,597.6730,-,-,-,-,-,-,-,-
2535,2535,1196395.162,13:09:50:216,Trial006,06 b joie triste.jpg,0.0,5980.728,11,Coral,59.8589,Eye,-,-,14.0173,14.0173,3.6015,0.0000,0.0000,-,-,-,-,0.0000,0.0000,0.0000,-82.9026,-24.1452,700.6727,1016.2927,598.0278,-,-,-,-,-,-,-,-
2536,2536,1196415.035,13:09:50:236,Trial006,06 b joie triste.jpg,0.0,5980.728,11,Coral,59.8589,Eye,-,-,14.3786,14.3786,3.6926,0.0000,0.0000,-,-,-,-,0.0000,0.0000,0.0000,-86.9004,-24.3691,700.1075,1031.2972,598.9582,-,-,-,-,-,-,-,-
2537,2537,1196435.054,13:09:50:256,Trial006,06 b joie triste.jpg,0.0,5980.728,11,Coral,59.8589,Eye,-,-,14.1079,14.1079,3.6224,0.0000,0.0000,-,-,-,-,0.0000,0.0000,0.0000,-84.4093,-24.7701,700.0769,1022.1902,600.0789,-,-,-,-,-,-,-,-
2538,2538,1196454.917,13:09:50:276,Trial006,06 b joie triste.jpg,0.0,5980.728,11,Coral,59.8589,Eye,-,-,14.2179,14.2179,3.6516,0.0000,0.0000,-,-,-,-,0.0000,0.0000,0.0000,-85.1632,-25.1469,700.2300,1024.9076,601.8088,-,-,-,-,-,-,-,-
2539,2539,1196474.785,13:09:50:296,Trial006,06 b joie triste.jpg,0.0,5980.728,11,Coral,59.8589,Eye,-,-,14.1573,14.1573,3.6337,0.0000,0.0000,-,-,-,-,0.0000,0.0000,0.0000,-85.7922,-25.5181,699.6367,1027.4787,603.0190,-,-,-,-,-,-,-,-
2540,2540,1196494.651,13:09:50:316,Trial006,06 b joie triste.jpg,0.0,5980.728,11,Coral,59.8589,Eye,-,-,14.3135,14.3135,3.6731,0.0000,0.0000,-,-,-,-,0.0000,0.0000,0.0000,-86.3925,-25.8453,699.5473,1029.7558,604.1894,-,-,-,-,-,-,-,-
2541,2541,1196514.529,13:09:50:336,Trial006,06 b joie triste.jpg,0.0,5980.728,11,Coral,59.8589,Eye,-,-,14.3158,14.3158,3.6740,0.0000,0.0000,-,-,-,-,0.0000,0.0000,0.0000,-90.1823,-26.0820,699.1159,1043.9389,604.9938,-,-,-,-,-,-,-,-
2542,2542,1196534.408,13:09:50:356,Trial006,06 b joie triste.jpg,0.0,5980.728,11,Coral,59.8589,Eye,-,-,14.6967,14.6967,3.7698,710.9785,839.1470,White Space,,Local,7,0.0000,0.0000,0.0000,-87.8201,-25.8139,699.3252,1037.0240,601.7640,-,-,-,-,-,-,-,-
2543,2543,1196554.284,13:09:50:376,Trial006,06 b joie triste.jpg,0.0,5980.728,11,Coral,59.8589,Eye,-,-,15.2614,15.2614,3.9122,554.0711,580.5112,joie gauche,,Local,6,0.0000,0.0000,0.0000,-88.3983,-25.3729,699.1934,1040.0739,598.6833,-,-,-,-,-,-,-,-
2544,2544,1196574.157,13:09:50:395,Trial006,06 b joie triste.jpg,0.0,5980.728,11,Coral,59.8589,Eye,-,-,15.3726,15.3726,3.9355,508.2920,490.4602,joie gauche,,Local,6,0.0000,0.0000,0.0000,-88.6065,-25.2757,698.2981,1041.3939,597.9778,-,-,-,-,-,-,-,-
2545,2545,1196594.149,13:09:50:415,Trial006,06 b joie triste.jpg,0.0,5980.728,11,Coral,59.8589,Eye,-,-,15.1662,15.1662,3.8899,498.7962,458.0864,yeux joie,,Local,4,0.0000,0.0000,0.0000,-92.1954,-25.5131,699.0311,1054.3151,598.4027,-,-,-,-,-,-,-,-
2546,2546,1196614.037,13:09:50:435,Trial006,06 b joie triste.jpg,0.0,5980.728,11,Coral,59.8589,Eye,-,-,15.1693,15.1693,3.8878,491.2763,480.9543,yeux joie,,Local,4,0.0000,0.0000,0.0000,-89.0404,-25.6837,698.8974,1042.8192,599.3636,-,-,-,-,-,-,-,-
2547,2547,1196633.904,13:09:50:455,Trial006,06 b joie triste.jpg,0.0,5980.728,11,Coral,59.8589,Eye,-,-,15.6342,15.6342,4.0046,491.3220,491.8787,joie gauche,,Local,6,0.0000,0.0000,0.0000,-89.0972,-25.9002,698.7611,1043.0763,600.0822,-,-,-,-,-,-,-,-
2548,2548,1196653.784,13:09:50:475,Trial006,06 b joie triste.jpg,0.0,5980.728,11,Coral,59.8589,Eye,-,-,15.4011,15.4011,3.9383,283.0905,305.1777,joie gauche,,Local,6,0.0000,0.0000,0.0000,-88.2540,-26.5855,697.5130,1043.1505,601.3941,-,-,-,-,-,-,-,-
2549,2549,1196673.654,13:09:50:495,Trial006,06 b joie triste.jpg,0.0,5980.728,11,Coral,59.8589,Eye,-,-,15.0738,15.0738,3.8544,496.1881,472.1176,yeux joie,,Local,4,0.0000,0.0000,0.0000,-88.9334,-26.5926,697.1747,1043.2674,602.6826,-,-,-,-,-,-,-,-
2550,2550,1196693.522,13:09:50:515,Trial006,06 b joie triste.jpg,0.0,5980.728,11,Coral,59.8589,Eye,-,-,15.2978,15.2978,3.9096,490.8829,486.1849,yeux joie,,Local,4,0.0000,0.0000,0.0000,-88.9883,-27.1452,696.9174,1043.4454,605.0802,-,-,-,-,-,-,-,-
2551,2551,1196713.403,13:09:50:535,Trial006,06 b joie triste.jpg,0.0,5980.728,11,Coral,59.8589,Eye,-,-,15.0457,15.0457,3.8461,250.8527,478.8804,yeux joie,,Local,4,0.0000,0.0000,0.0000,-89.5880,-28.1865,696.7966,1047.4132,609.2815,-,-,-,-,-,-,-,-
2552,2552,1196733.271,13:09:50:555,Trial006,06 b joie triste.jpg,0.0,5980.728,11,Coral,59.8589,Eye,-,-,14.5981,14.5981,3.7334,270.8034,491.9011,joie gauche,,Local,6,0.0000,0.0000,0.0000,-90.1214,-29.2703,696.7081,1049.0486,613.2970,-,-,-,-,-,-,-,-
2553,2553,1196753.283,13:09:50:575,Trial006,06 b joie triste.jpg,0.0,5980.728,11,Coral,59.8589,Eye,Fixation,1,14.6898,14.6898,3.7569,255.4370,513.6412,joie gauche,,Local,6,0.0000,0.0000,0.0000,-90.6632,-30.2804,696.6685,1051.4121,617.4087,-,-,-,-,-,-,-,-
2554,2554,1196773.157,13:09:50:594,Trial006,06 b joie triste.jpg,0.0,5980.728,11,Coral,59.8589,Eye,Fixation,1,14.2356,14.2356,3.6465,252.7396,556.1886,joie gauche,,Local,6,0.0000,0.0000,0.0000,-91.3581,-31.3284,697.3301,1053.8512,621.1859,-,-,-,-,-,-,-,-
2555,2555,1196793.024,13:09:50:614,Trial006,06 b joie triste.jpg,0.0,5980.728,11,Coral,59.8589,Eye,Fixation,1,14.2377,14.2377,3.6474,245.1615,497.9820,joie gauche,,Local,6,0.0000,0.0000,0.0000,-91.9635,-32.3699,697.2746,1056.0062,624.8877,-,-,-,-,-,-,-,-
2556,2556,1196812.901,13:09:50:634,Trial006,06 b joie triste.jpg,0.0,5980.728,11,Coral,59.8589,Eye,Fixation,1,14.2706,14.2706,3.6582,229.8028,526.1050,joie gauche,,Local,6,0.0000,0.0000,0.0000,-95.7544,-35.5499,697.0969,1069.9552,636.8638,-,-,-,-,-,-,-,-
2557,2557,1196832.781,13:09:50:654,Trial006,06 b joie triste.jpg,0.0,5980.728,11,Coral,59.8589,Eye,Fixation,1,13.6234,13.6234,3.4908,237.5725,517.0991,joie gauche,,Local,6,0.0000,0.0000,0.0000,-93.0376,-34.3907,696.7272,1060.0904,632.2488,-,-,-,-,-,-,-,-
2558,2558,1196852.779,13:09:50:674,Trial006,06 b joie triste.jpg,0.0,5980.728,11,Coral,59.8589,Eye,Fixation,1,14.0064,14.0064,3.5838,234.2884,541.1602,joie gauche,,Local,6,0.0000,0.0000,0.0000,-93.3362,-35.2186,695.9193,1061.8667,635.8421,-,-,-,-,-,-,-,-
2559,2559,1196872.65,13:09:50:694,Trial006,06 b joie triste.jpg,0.0,5980.728,11,Coral,59.8589,Eye,Fixation,1,14.3427,14.3427,3.6679,247.9210,552.5156,joie gauche,,Local,6,0.0000,0.0000,0.0000,-93.7091,-36.2322,695.7045,1062.9151,639.3804,-,-,-,-,-,-,-,-
2560,2560,1196892.524,13:09:50:714,Trial006,06 b joie triste.jpg,0.0,5980.728,11,Coral,59.8589,Eye,Fixation,1,14.1751,14.1751,3.6202,239.2600,523.8980,joie gauche,,Local,6,0.0000,0.0000,0.0000,-93.8041,-37.0816,694.5706,1064.0352,642.8880,-,-,-,-,-,-,-,-
2561,2561,1196912.411,13:09:50:734,Trial006,06 b joie triste.jpg,0.0,5980.728,11,Coral,59.8589,Eye,Fixation,1,14.1903,14.1903,3.6299,235.6117,528.4032,joie gauche,,Local,6,0.0000,0.0000,0.0000,-96.2700,-41.3026,695.1368,1072.7553,658.3467,-,-,-,-,-,-,-,-
2562,2562,1196932.405,13:09:50:754,Trial006,06 b joie triste.jpg,0.0,5980.728,11,Coral,59.8589,Eye,Fixation,1,14.1647,14.1647,3.6180,244.0171,531.4314,joie gauche,,Local,6,0.0000,0.0000,0.0000,-94.1158,-38.8694,694.5135,1064.8259,649.4947,-,-,-,-,-,-,-,-
2563,2563,1196952.272,13:09:50:774,Trial006,06 b joie triste.jpg,0.0,5980.728,11,Coral,59.8589,Eye,Fixation,1,14.5662,14.5662,3.7151,234.5244,521.6224,joie gauche,,Local,6,0.0000,0.0000,0.0000,-93.9428,-39.4756,693.7377,1064.9376,651.7356,-,-,-,-,-,-,-,-
2564,2564,1196972.148,13:09:50:793,Trial006,06 b joie triste.jpg,0.0,5980.728,11,Coral,59.8589,Eye,Fixation,1,14.4730,14.4730,3.6899,242.6417,540.0521,joie gauche,,Local,6,0.0000,0.0000,0.0000,-93.7316,-40.0792,693.4061,1064.1324,654.1070,-,-,-,-,-,-,-,-
2565,2565,1196992.019,13:09:50:813,Trial006,06 b joie triste.jpg,0.0,5980.728,11,Coral,59.8589,Eye,Fixation,1,14.9286,14.9286,3.8068,242.3131,535.1865,joie gauche,,Local,6,0.0000,0.0000,0.0000,-94.6723,-43.7700,693.4989,1067.4939,667.7980,-,-,-,-,-,-,-,-
2566,2566,1197012.024,13:09:50:833,Trial006,06 b joie triste.jpg,0.0,5980.728,11,Coral,59.8589,Eye,Fixation,1,14.8812,14.8812,3.7934,244.6506,525.7087,joie gauche,,Local,6,0.0000,0.0000,0.0000,-93.3061,-40.8771,693.5882,1062.5091,656.9279,-,-,-,-,-,-,-,-
2567,2567,1197031.896,13:09:50:853,Trial006,06 b joie triste.jpg,0.0,5980.728,11,Coral,59.8589,Eye,Fixation,1,14.7670,14.7670,3.7650,250.5352,539.5445,joie gauche,,Local,6,0.0000,0.0000,0.0000,-92.9400,-41.0754,693.6776,1061.2283,657.6660,-,-,-,-,-,-,-,-
2568,2568,1197051.769,13:09:50:873,Trial006,06 b joie triste.jpg,0.0,5980.728,11,Coral,59.8589,Eye,-,-,12.6855,12.6855,3.2408,120.1161,649.5409,joie gauche,,Local,6,0.0000,0.0000,0.0000,-92.4417,-41.0271,693.5305,1060.6130,658.1780,-,-,-,-,-,-,-,-
2569,2569,1197071.656,13:09:50:893,Trial006,06 b joie triste.jpg,0.0,5980.728,11,Coral,59.8589,Eye,Blink,1,3.1623,3.1623,3.6342,0.0421,0.0000,White Space,,Local,7,0.0000,0.0000,0.0000,-92.4113,-42.2178,695.0105,1068.5000,665.5000,-,-,-,-,-,-,-,-
2570,2570,1197091.518,13:09:50:913,Trial006,06 b joie triste.jpg,0.0,5980.728,11,Coral,59.8589,Eye,Blink,1,0.0000,0.0000,3.6342,0.0210,0.0000,White Space,,Local,7,0.0000,0.0000,0.0000,-92.4113,-42.2178,695.0105,0.0000,0.0000,-,-,-,-,-,-,-,-
2571,2571,1197111.528,13:09:50:933,Trial006,06 b joie triste.jpg,0.0,5980.728,11,Coral,59.8589,Eye,Blink,1,0.0000,0.0000,3.6342,0.0139,0.0000,White Space,,Local,7,0.0000,0.0000,0.0000,-92.4113,-42.2178,695.0105,0.0000,0.0000,-,-,-,-,-,-,-,-
2572,2572,1197131.399,13:09:50:953,Trial006,06 b joie triste.jpg,0.0,5980.728,11,Coral,59.8589,Eye,Blink,1,0.0000,0.0000,3.6342,0.0103,0.0000,White Space,,Local,7,0.0000,0.0000,0.0000,-92.4113,-42.2178,695.0105,0.0000,0.0000,-,-,-,-,-,-,-,-
2573,2573,1197151.272,13:09:50:973,Trial006,06 b joie triste.jpg,0.0,5980.728,11,Coral,59.8589,Eye,Blink,1,2.0000,2.0000,3.6342,0.0081,0.0000,White Space,,Local,7,0.0000,0.0000,0.0000,-92.4113,-42.2178,695.0105,1057.0000,676.0000,-,-,-,-,-,-,-,-
2574,2574,1197171.148,13:09:50:992,Trial006,06 b joie triste.jpg,0.0,5980.728,11,Coral,59.8589,Eye,Blink,1,0.0000,0.0000,3.6342,0.0066,0.0000,White Space,,Local,7,0.0000,0.0000,0.0000,-92.4113,-42.2178,695.0105,0.0000,0.0000,-,-,-,-,-,-,-,-
2575,2575,1197191.018,13:09:51:012,Trial006,06 b joie triste.jpg,0.0,5980.728,11,Coral,59.8589,Eye,Blink,1,0.0000,0.0000,3.6342,0.0056,0.0000,White Space,,Local,7,0.0000,0.0000,0.0000,-92.4113,-42.2178,695.0105,0.0000,0.0000,-,-,-,-,-,-,-,-
2576,2576,1197331.723,13:09:51:153,Trial006,06 b joie triste.jpg,0.0,5980.728,11,Coral,59.8589,Eye,Blink,1,0.0000,0.0000,3.6342,0.0048,0.0000,White Space,,Local,7,0.0000,0.0000,0.0000,0.0000,0.0000,0.0000,0.0000,0.0000,-,-,-,-,-,-,-,-
2577,2577,1197489.898,13:09:51:311,Trial006,06 b joie triste.jpg,0.0,5980.728,11,Coral,59.8589,Eye,Blink,1,15.3931,15.3931,3.9246,453.4398,637.4832,bouche joie,,Local,2,0.0000,0.0000,0.0000,-83.2256,-38.8873,695.4519,1023.6452,649.4978,-,-,-,-,-,-,-,-
2578,2578,1197509.77,13:09:51:331,Trial006,06 b joie triste.jpg,0.0,5980.728,11,Coral,59.8589,Eye,-,-,14.9259,14.9259,3.8094,360.0103,624.7294,bouche joie,,Local,2,0.0000,0.0000,0.0000,-83.2464,-38.7817,695.8726,1023.7813,648.9090,-,-,-,-,-,-,-,-
2579,2579,1197529.64,13:09:51:351,Trial006,06 b joie triste.jpg,0.0,5980.728,11,Coral,59.8589,Eye,-,-,14.6065,14.6065,3.7329,328.6215,800.3222,joie gauche,,Local,6,0.0000,0.0000,0.0000,-83.4102,-39.0320,696.5738,1024.6250,651.1248,-,-,-,-,-,-,-,-
2580,2580,1197549.511,13:09:51:371,Trial006,06 b joie triste.jpg,0.0,5980.728,11,Coral,59.8589,Eye,-,-,14.9837,14.9837,3.8289,0.0000,0.0000,-,-,-,-,0.0000,0.0000,0.0000,-83.5153,-39.4350,696.7277,1025.2813,655.0827,-,-,-,-,-,-,-,-
2581,2581,1197569.394,13:09:51:391,Trial006,06 b joie triste.jpg,0.0,5980.728,11,Coral,59.8589,Eye,-,-,14.5670,14.5670,3.7249,0.0000,0.0000,-,-,-,-,0.0000,0.0000,0.0000,-83.6166,-39.4765,696.8900,1025.6757,656.0525,-,-,-,-,-,-,-,-
2582,2582,1197589.387,13:09:51:411,Trial006,06 b joie triste.jpg,0.0,5980.728,11,Coral,59.8589,Eye,-,-,14.0556,14.0556,3.5937,0.0000,0.0000,-,-,-,-,0.0000,0.0000,0.0000,-83.6708,-39.1909,696.4483,1026.1853,655.2212,-,-,-,-,-,-,-,-
2583,2583,1197609.258,13:09:51:431,Trial006,06 b joie triste.jpg,0.0,5980.728,11,Coral,59.8589,Eye,-,-,13.9730,13.9730,3.5737,0.0000,0.0000,-,-,-,-,0.0000,0.0000,0.0000,-83.8573,-39.0504,696.5874,1026.5641,654.7336,-,-,-,-,-,-,-,-
2584,2584,1197629.146,13:09:51:450,Trial006,06 b joie triste.jpg,0.0,5980.728,11,Coral,59.8589,Eye,-,-,13.3664,13.3664,3.4204,0.0000,0.0000,-,-,-,-,0.0000,0.0000,0.0000,-83.8504,-38.8893,696.5080,1026.8278,654.1081,-,-,-,-,-,-,-,-
2585,2585,1197649.011,13:09:51:470,Trial006,06 b joie triste.jpg,0.0,5980.728,11,Coral,59.8589,Eye,-,-,13.5480,13.5480,3.4678,0.0000,0.0000,-,-,-,-,0.0000,0.0000,0.0000,-83.9329,-38.7449,696.8342,1026.7643,653.5634,-,-,-,-,-,-,-,-
2586,2586,1197668.89,13:09:51:490,Trial006,06 b joie triste.jpg,0.0,5980.728,11,Coral,59.8589,Eye,-,-,12.9868,12.9868,3.3271,0.0000,0.0000,-,-,-,-,0.0000,0.0000,0.0000,-83.9706,-38.6417,696.9897,1027.0899,653.1864,-,-,-,-,-,-,-,-
2587,2587,1197688.763,13:09:51:510,Trial006,06 b joie triste.jpg,0.0,5980.728,11,Coral,59.8589,Eye,-,-,13.1745,13.1745,3.3732,0.0000,0.0000,-,-,-,-,0.0000,0.0000,0.0000,-83.8647,-38.5387,696.7604,1026.8805,652.5739,-,-,-,-,-,-,-,-
2588,2588,1197708.633,13:09:51:530,Trial006,06 b joie triste.jpg,0.0,5980.728,11,Coral,59.8589,Eye,-,-,13.2616,13.2616,3.3984,0.0000,0.0000,-,-,-,-,0.0000,0.0000,0.0000,-83.9815,-38.4552,697.4248,1026.9466,652.3776,-,-,-,-,-,-,-,-
2589,2589,1197728.519,13:09:51:550,Trial006,06 b joie triste.jpg,0.0,5980.728,11,Coral,59.8589,Eye,-,-,13.5842,13.5842,3.4766,0.0000,0.0000,-,-,-,-,0.0000,0.0000,0.0000,-83.8388,-38.3711,696.8168,1026.2307,651.9330,-,-,-,-,-,-,-,-
2590,2590,1197748.523,13:09:51:570,Trial006,06 b joie triste.jpg,0.0,5980.728,11,Coral,59.8589,Eye,-,-,12.7220,12.7220,3.2587,0.0000,0.0000,-,-,-,-,0.0000,0.0000,0.0000,-83.7069,-38.3070,696.6868,1025.9585,651.9257,-,-,-,-,-,-,-,-
2591,2591,1197768.392,13:09:51:590,Trial006,06 b joie triste.jpg,0.0,5980.728,11,Coral,59.8589,Eye,-,-,11.9221,11.9221,3.0608,102.5789,1101.2766,-,-,-,-,0.0000,0.0000,0.0000,-83.7471,-38.0425,697.5438,1026.9330,650.1152,-,-,-,-,-,-,-,-
2592,2592,1197788.26,13:09:51:610,Trial006,06 b joie triste.jpg,0.0,5980.728,11,Coral,59.8589,Eye,Fixation,2,12.7717,12.7717,3.2739,180.8896,1055.4072,-,-,-,-,0.0000,0.0000,0.0000,-83.6259,-37.8121,697.3130,1026.3834,648.8266,-,-,-,-,-,-,-,-
2593,2593,1197808.138,13:09:51:629,Trial006,06 b joie triste.jpg,0.0,5980.728,11,Coral,59.8589,Eye,Fixation,2,0.0000,0.0000,3.3623,175.3938,1037.5880,-,-,-,-,0.0000,0.0000,0.0000,-83.6259,-37.8121,697.3130,0.0000,0.0000,-,-,-,-,-,-,-,-
2594,2594,1197828.014,13:09:51:649,Trial006,06 b joie triste.jpg,0.0,5980.728,11,Coral,59.8589,Eye,Fixation,2,14.6232,14.6232,3.7384,173.5332,1030.1102,-,-,-,-,0.0000,0.0000,0.0000,-83.5040,-37.7051,696.8870,1026.0057,648.1449,-,-,-,-,-,-,-,-
2595,2595,1197847.886,13:09:51:669,Trial006,06 b joie triste.jpg,0.0,5980.728,11,Coral,59.8589,Eye,Fixation,2,14.6343,14.6343,3.7435,158.3001,1035.5634,-,-,-,-,0.0000,0.0000,0.0000,-83.4566,-37.6824,697.3152,1025.5674,648.1538,-,-,-,-,-,-,-,-
2596,2596,1197867.751,13:09:51:689,Trial006,06 b joie triste.jpg,0.0,5980.728,11,Coral,59.8589,Eye,Fixation,2,14.5730,14.5730,3.7235,161.4071,1021.5868,White Space,,Local,7,0.0000,0.0000,0.0000,-83.2476,-37.6669,696.4837,1025.2289,648.0425,-,-,-,-,-,-,-,-
2597,2597,1197887.636,13:09:51:709,Trial006,06 b joie triste.jpg,0.0,5980.728,11,Coral,59.8589,Eye,Fixation,2,14.6918,14.6918,3.7511,161.6490,1028.4973,-,-,-,-,0.0000,0.0000,0.0000,-83.1077,-37.7051,696.0607,1024.8714,648.3353,-,-,-,-,-,-,-,-
2598,2598,1197907.632,13:09:51:729,Trial006,06 b joie triste.jpg,0.0,5980.728,11,Coral,59.8589,Eye,Fixation,2,14.4650,14.4650,3.6983,161.2387,1024.1014,-,-,-,-,0.0000,0.0000,0.0000,-83.1124,-37.8577,696.8731,1024.4885,648.7982,-,-,-,-,-,-,-,-
2599,2599,1197927.512,13:09:51:749,Trial006,06 b joie triste.jpg,0.0,5980.728,11,Coral,59.8589,Eye,Fixation,2,14.5777,14.5777,3.7230,162.9714,1021.8453,White Space,,Local,7,0.0000,0.0000,0.0000,-82.9518,-37.9684,696.1882,1024.2042,649.2096,-,-,-,-,-,-,-,-
2600,2600,1197947.385,13:09:51:769,Trial006,06 b joie triste.jpg,0.0,5980.728,11,Coral,59.8589,Eye,Saccade,1,14.2133,14.2133,3.6285,163.5207,1028.4962,-,-,-,-,0.0000,0.0000,0.0000,-82.8268,-38.0231,695.6559,1023.9826,649.5498,-,-,-,-,-,-,-,-
2601,2601,1197967.257,13:09:51:789,Trial006,06 b joie triste.jpg,0.0,5980.728,11,Coral,59.8589,Eye,Saccade,1,14.5469,14.5469,3.7123,177.4634,704.8757,bouche joie,,Local,2,0.0000,0.0000,0.0000,-82.5251,-37.6430,695.6929,1022.4606,646.0424,-,-,-,-,-,-,-,-
2602,2602,1197987.133,13:09:51:808,Trial006,06 b joie triste.jpg,0.0,5980.728,11,Coral,59.8589,Eye,Fixation,3,14.1591,14.1591,3.6145,227.6428,537.3924,joie gauche,,Local,6,0.0000,0.0000,0.0000,-82.2547,-37.2163,695.7037,1020.9600,643.0928,-,-,-,-,-,-,-,-
2603,2603,1198007.012,13:09:51:828,Trial006,06 b joie triste.jpg,0.0,5980.728,11,Coral,59.8589,Eye,Fixation,3,14.2562,14.2562,3.6376,248.5318,541.2618,joie gauche,,Local,6,0.0000,0.0000,0.0000,-80.0850,-36.1331,695.7503,1012.8125,639.1086,-,-,-,-,-,-,-,-
2604,2604,1198026.884,13:09:51:848,Trial006,06 b joie triste.jpg,0.0,5980.728,11,Coral,59.8589,Eye,Fixation,3,14.0514,14.0514,3.5878,266.3589,536.0756,joie gauche,,Local,6,0.0000,0.0000,0.0000,-82.2615,-37.2412,695.7701,1020.7582,642.8507,-,-,-,-,-,-,-,-
2605,2605,1198046.756,13:09:51:868,Trial006,06 b joie triste.jpg,0.0,5980.728,11,Coral,59.8589,Eye,Fixation,3,14.3006,14.3006,3.6505,272.0483,536.2198,joie gauche,,Local,6,0.0000,0.0000,0.0000,-82.2637,-37.2215,695.7810,1020.7695,642.7856,-,-,-,-,-,-,-,-
2606,2606,1198066.631,13:09:51:888,Trial006,06 b joie triste.jpg,0.0,5980.728,11,Coral,59.8589,Eye,Fixation,3,14.4698,14.4698,3.6923,277.9734,534.1385,joie gauche,,Local,6,0.0000,0.0000,0.0000,-82.2552,-37.1683,695.6288,1020.8445,642.6352,-,-,-,-,-,-,-,-
2607,2607,1198086.63,13:09:51:908,Trial006,06 b joie triste.jpg,0.0,5980.728,11,Coral,59.8589,Eye,Fixation,3,14.4596,14.4596,3.6872,276.5465,534.0129,joie gauche,,Local,6,0.0000,0.0000,0.0000,-82.1818,-37.1168,695.1558,1020.6729,642.7097,-,-,-,-,-,-,-,-
2608,2608,1198106.502,13:09:51:928,Trial006,06 b joie triste.jpg,0.0,5980.728,11,Coral,59.8589,Eye,Fixation,3,14.5526,14.5526,3.7082,280.1463,537.4117,joie gauche,,Local,6,0.0000,0.0000,0.0000,-82.1285,-37.0941,694.7117,1020.6554,642.8703,-,-,-,-,-,-,-,-
2609,2609,1198126.382,13:09:51:948,Trial006,06 b joie triste.jpg,0.0,5980.728,11,Coral,59.8589,Eye,Fixation,3,14.1087,14.1087,3.5973,280.3567,536.8882,joie gauche,,Local,6,0.0000,0.0000,0.0000,-82.1471,-37.1677,694.8287,1020.6498,642.9325,-,-,-,-,-,-,-,-
2610,2610,1198146.256,13:09:51:968,Trial006,06 b joie triste.jpg,0.0,5980.728,11,Coral,59.8589,Eye,Fixation,3,14.0384,14.0384,3.5861,270.2257,537.0090,joie gauche,,Local,6,0.0000,0.0000,0.0000,-82.2305,-37.2387,696.0834,1020.5795,642.9193,-,-,-,-,-,-,-,-
2611,2611,1198166.148,13:09:51:987,Trial006,06 b joie triste.jpg,0.0,5980.728,11,Coral,59.8589,Eye,Fixation,3,14.0542,14.0542,3.5905,274.2894,537.7892,joie gauche,,Local,6,0.0000,0.0000,0.0000,-82.1780,-37.2868,696.1764,1020.2486,643.1426,-,-,-,-,-,-,-,-
2612,2612,1198186.016,13:09:52:007,Trial006,06 b joie triste.jpg,0.0,5980.728,11,Coral,59.8589,Eye,Fixation,3,13.9928,13.9928,3.5710,273.8247,540.6257,joie gauche,,Local,6,0.0000,0.0000,0.0000,-82.0320,-37.3363,695.3743,1019.9645,643.6246,-,-,-,-,-,-,-,-
2613,2613,1198205.881,13:09:52:027,Trial006,06 b joie triste.jpg,0.0,5980.728,11,Coral,59.8589,Eye,Fixation,3,13.8851,13.8851,3.5401,279.2986,539.2620,joie gauche,,Local,6,0.0000,0.0000,0.0000,-81.9062,-37.3380,694.6392,1019.9415,643.6299,-,-,-,-,-,-,-,-
2614,2614,1198225.762,13:09:52:047,Trial006,06 b joie triste.jpg,0.0,5980.728,11,Coral,59.8589,Eye,Fixation,3,13.7180,13.7180,3.4988,280.7284,538.5486,joie gauche,,Local,6,0.0000,0.0000,0.0000,-81.8673,-37.4334,694.7599,1019.4882,643.7822,-,-,-,-,-,-,-,-
2615,2615,1198245.754,13:09:52:067,Trial006,06 b joie triste.jpg,0.0,5980.728,11,Coral,59.8589,Eye,Fixation,3,13.6038,13.6038,3.4709,273.5968,536.7927,joie gauche,,Local,6,0.0000,0.0000,0.0000,-81.7610,-37.4731,694.9309,1019.4288,644.1053,-,-,-,-,-,-,-,-
2616,2616,1198265.628,13:09:52:087,Trial006,06 b joie triste.jpg,0.0,5980.728,11,Coral,59.8589,Eye,Fixation,3,13.4492,13.4492,3.4283,274.3501,536.5991,joie gauche,,Local,6,0.0000,0.0000,0.0000,-81.6540,-37.5211,694.1736,1019.0953,644.2870,-,-,-,-,-,-,-,-
2617,2617,1198285.504,13:09:52:107,Trial006,06 b joie triste.jpg,0.0,5980.728,11,Coral,59.8589,Eye,Fixation,3,13.7294,13.7294,3.4937,275.7120,543.0872,joie gauche,,Local,6,0.0000,0.0000,0.0000,-81.5195,-37.4692,693.1949,1019.0010,644.4468,-,-,-,-,-,-,-,-
2618,2618,1198305.379,13:09:52:127,Trial006,06 b joie triste.jpg,0.0,5980.728,11,Coral,59.8589,Eye,Fixation,3,13.0834,13.0834,3.3307,272.9139,543.3309,joie gauche,,Local,6,0.0000,0.0000,0.0000,-81.4492,-37.4276,692.9757,1019.0297,644.1013,-,-,-,-,-,-,-,-
2619,2619,1198325.263,13:09:52:147,Trial006,06 b joie triste.jpg,0.0,5980.728,11,Coral,59.8589,Eye,Fixation,3,13.5537,13.5537,3.4490,271.9105,547.6970,joie gauche,,Local,6,0.0000,0.0000,0.0000,-81.4045,-37.3493,693.0845,1018.7316,644.3208,-,-,-,-,-,-,-,-
2620,2620,1198345.13,13:09:52:166,Trial006,06 b joie triste.jpg,0.0,5980.728,11,Coral,59.8589,Eye,Fixation,3,13.3259,13.3259,3.3930,274.6580,544.9090,joie gauche,,Local,6,0.0000,0.0000,0.0000,-81.3850,-37.2692,693.3030,1018.5749,643.6101,-,-,-,-,-,-,-,-
2621,2621,1198365.001,13:09:52:186,Trial006,06 b joie triste.jpg,0.0,5980.728,11,Coral,59.8589,Eye,Fixation,3,13.4326,13.4326,3.4247,274.6136,551.5375,joie gauche,,Local,6,0.0000,0.0000,0.0000,-81.4962,-37.2774,694.3187,1018.2961,643.4276,-,-,-,-,-,-,-,-
2622,2622,1198384.888,13:09:52:206,Trial006,06 b joie triste.jpg,0.0,5980.728,11,Coral,59.8589,Eye,Fixation,3,13.1844,13.1844,3.3631,274.5145,543.5200,joie gauche,,Local,6,0.0000,0.0000,0.0000,-81.4334,-37.1332,694.4729,1018.2733,642.7139,-,-,-,-,-,-,-,-
2623,2623,1198404.877,13:09:52:226,Trial006,06 b joie triste.jpg,0.0,5980.728,11,Coral,59.8589,Eye,-,-,10.4283,10.4283,2.6685,184.2933,562.7351,joie gauche,,Local,6,0.0000,0.0000,0.0000,-81.2995,-36.9333,693.7888,1019.1339,643.4896,-,-,-,-,-,-,-,-
2624,2624,1198424.748,13:09:52:246,Trial006,06 b joie triste.jpg,0.0,5980.728,11,Coral,59.8589,Eye,Blink,2,0.0000,0.0000,3.3033,0.0000,0.0000,-,-,-,-,0.0000,0.0000,0.0000,-81.2995,-36.9333,693.7888,0.0000,0.0000,-,-,-,-,-,-,-,-
2625,2625,1198444.637,13:09:52:266,Trial006,06 b joie triste.jpg,0.0,5980.728,11,Coral,59.8589,Eye,Blink,2,3.1623,3.1623,3.3033,0.0000,0.0000,-,-,-,-,0.0000,0.0000,0.0000,-81.2995,-36.9333,693.7888,1050.5000,654.5000,-,-,-,-,-,-,-,-
2626,2626,1198464.515,13:09:52:286,Trial006,06 b joie triste.jpg,0.0,5980.728,11,Coral,59.8589,Eye,Blink,2,0.0000,0.0000,3.3033,0.0000,0.0000,-,-,-,-,0.0000,0.0000,0.0000,-81.2995,-36.9333,693.7888,0.0000,0.0000,-,-,-,-,-,-,-,-
2627,2627,1198484.379,13:09:52:306,Trial006,06 b joie triste.jpg,0.0,5980.728,11,Coral,59.8589,Eye,Blink,2,0.0000,0.0000,3.3033,0.0000,0.0000,-,-,-,-,0.0000,0.0000,0.0000,-81.2995,-36.9333,693.7888,0.0000,0.0000,-,-,-,-,-,-,-,-
2628,2628,1198504.254,13:09:52:326,Trial006,06 b joie triste.jpg,0.0,5980.728,11,Coral,59.8589,Eye,Blink,2,0.0000,0.0000,3.3033,0.0000,0.0000,-,-,-,-,0.0000,0.0000,0.0000,-81.2995,-36.9333,693.7888,0.0000,0.0000,-,-,-,-,-,-,-,-
2629,2629,1198524.122,13:09:52:345,Trial006,06 b joie triste.jpg,0.0,5980.728,11,Coral,59.8589,Eye,Blink,2,0.0000,0.0000,3.3033,0.0000,0.0000,-,-,-,-,0.0000,0.0000,0.0000,-81.2995,-36.9333,693.7888,0.0000,0.0000,-,-,-,-,-,-,-,-
2630,2630,1198665.704,13:09:52:487,Trial006,06 b joie triste.jpg,0.0,5980.728,11,Coral,59.8589,Eye,Blink,2,0.0000,0.0000,3.3033,0.0000,0.0000,-,-,-,-,0.0000,0.0000,0.0000,0.0000,0.0000,0.0000,0.0000,0.0000,-,-,-,-,-,-,-,-
2631,2631,1198709.853,13:09:52:531,Trial006,06 b joie triste.jpg,0.0,5980.728,11,Coral,59.8589,Eye,Blink,2,0.0000,0.0000,3.3033,0.0000,0.0000,-,-,-,-,0.0000,0.0000,0.0000,0.0000,0.0000,0.0000,0.0000,0.0000,-,-,-,-,-,-,-,-
2632,2632,1198753.834,13:09:52:575,Trial006,06 b joie triste.jpg,0.0,5980.728,11,Coral,59.8589,Eye,Blink,2,0.0000,0.0000,3.3033,0.0000,0.0000,-,-,-,-,0.0000,0.0000,0.0000,0.0000,0.0000,0.0000,0.0000,0.0000,-,-,-,-,-,-,-,-
2633,2633,1198797.829,13:09:52:619,Trial006,06 b joie triste.jpg,0.0,5980.728,11,Coral,59.8589,Eye,Blink,2,0.0000,0.0000,3.3033,0.0000,0.0000,-,-,-,-,0.0000,0.0000,0.0000,0.0000,0.0000,0.0000,0.0000,0.0000,-,-,-,-,-,-,-,-
2634,2634,1198841.956,13:09:52:663,Trial006,06 b joie triste.jpg,0.0,5980.728,11,Coral,59.8589,Eye,Blink,2,0.0000,0.0000,3.3033,0.0000,0.0000,-,-,-,-,0.0000,0.0000,0.0000,0.0000,0.0000,0.0000,0.0000,0.0000,-,-,-,-,-,-,-,-
2635,2635,1198998.629,13:09:52:820,Trial006,06 b joie triste.jpg,0.0,5980.728,11,Coral,59.8589,Eye,Saccade,2,15.9374,15.9374,4.0526,315.2432,578.0636,joie gauche,,Local,6,0.0000,0.0000,0.0000,-80.4507,-35.9567,694.3802,1014.7938,638.8711,-,-,-,-,-,-,-,-
2636,2636,1199018.498,13:09:52:840,Trial006,06 b joie triste.jpg,0.0,5980.728,11,Coral,59.8589,Eye,Saccade,2,15.2553,15.2553,3.8806,224.8129,582.0126,joie gauche,,Local,6,0.0000,0.0000,0.0000,-80.3171,-35.9682,694.2512,1014.5838,639.6367,-,-,-,-,-,-,-,-
2637,2637,1199038.37,13:09:52:860,Trial006,06 b joie triste.jpg,0.0,5980.728,11,Coral,59.8589,Eye,Saccade,2,0.0000,0.0000,3.5189,203.8495,589.5658,joie gauche,,Local,6,0.0000,0.0000,0.0000,-80.3171,-35.9682,694.2512,0.0000,0.0000,-,-,-,-,-,-,-,-
2638,2638,1199058.244,13:09:52:880,Trial006,06 b joie triste.jpg,0.0,5980.728,11,Coral,59.8589,Eye,-,-,0.0000,0.0000,3.5189,192.1808,582.0769,joie gauche,,Local,6,0.0000,0.0000,0.0000,-80.3171,-35.9682,694.2512,0.0000,0.0000,-,-,-,-,-,-,-,-
2639,2639,1199078.119,13:09:52:899,Trial006,06 b joie triste.jpg,0.0,5980.728,11,Coral,59.8589,Eye,-,-,0.0000,0.0000,3.5189,181.8225,578.5501,joie gauche,,Local,6,0.0000,0.0000,0.0000,-80.3171,-35.9682,694.2512,0.0000,0.0000,-,-,-,-,-,-,-,-
2640,2640,1199098.126,13:09:52:919,Trial006,06 b joie triste.jpg,0.0,5980.728,11,Coral,59.8589,Eye,Saccade,3,14.8780,14.8780,3.7831,240.1740,578.6613,joie gauche,,Local,6,0.0000,0.0000,0.0000,-80.1690,-36.0605,693.7219,1014.0174,639.3063,-,-,-,-,-,-,-,-
2641,2641,1199117.994,13:09:52:939,Trial006,06 b joie triste.jpg,0.0,5980.728,11,Coral,59.8589,Eye,Saccade,3,14.5694,14.5694,3.7026,230.9671,575.6236,joie gauche,,Local,6,0.0000,0.0000,0.0000,-80.0978,-36.0557,693.1444,1014.1189,639.4900,-,-,-,-,-,-,-,-
2642,2642,1199137.859,13:09:52:959,Trial006,06 b joie triste.jpg,0.0,5980.728,11,Coral,59.8589,Eye,Saccade,3,14.5801,14.5801,3.6998,250.0655,576.3448,joie gauche,,Local,6,0.0000,0.0000,0.0000,-79.9539,-36.0168,692.1236,1013.8494,639.7274,-,-,-,-,-,-,-,-
2643,2643,1199157.744,13:09:52:979,Trial006,06 b joie triste.jpg,0.0,5980.728,11,Coral,59.8589,Eye,Saccade,3,13.8714,13.8714,3.5198,239.5953,560.4730,joie gauche,,Local,6,0.0000,0.0000,0.0000,-79.9085,-36.0359,691.5694,1013.8704,639.4741,-,-,-,-,-,-,-,-
2644,2644,1199177.613,13:09:52:999,Trial006,06 b joie triste.jpg,0.0,5980.728,11,Coral,59.8589,Eye,Saccade,3,13.4180,13.4180,3.4096,321.4003,571.0693,joie gauche,,Local,6,0.0000,0.0000,0.0000,-79.9200,-36.0809,692.1985,1013.6683,639.5659,-,-,-,-,-,-,-,-
2645,2645,1199197.5,13:09:53:019,Trial006,06 b joie triste.jpg,0.0,5980.728,11,Coral,59.8589,Eye,Saccade,3,11.9994,11.9994,3.0594,239.6796,565.7238,joie gauche,,Local,6,0.0000,0.0000,0.0000,-80.0246,-36.1453,693.2674,1013.7559,639.6091,-,-,-,-,-,-,-,-
2646,2646,1199217.367,13:09:53:039,Trial006,06 b joie triste.jpg,0.0,5980.728,11,Coral,59.8589,Eye,Saccade,3,0.0000,0.0000,3.4702,195.2016,557.5633,joie gauche,,Local,6,0.0000,0.0000,0.0000,-80.0246,-36.1453,693.2674,0.0000,0.0000,-,-,-,-,-,-,-,-
2647,2647,1199237.243,13:09:53:059,Trial006,06 b joie triste.jpg,0.0,5980.728,11,Coral,59.8589,Eye,Saccade,3,14.5106,14.5106,3.6868,601.9857,726.9587,White Space,,Local,7,0.0000,0.0000,0.0000,-79.2881,-36.3673,693.0083,1008.9614,641.0610,-,-,-,-,-,-,-,-
2648,2648,1199257.234,13:09:53:079,Trial006,06 b joie triste.jpg,0.0,5980.728,11,Coral,59.8589,Eye,Fixation,4,13.7593,13.7593,3.4984,818.1785,731.6080,bouche triste,,Local,3,0.0000,0.0000,0.0000,-78.6661,-36.4830,693.0103,1005.1919,641.6259,-,-,-,-,-,-,-,-
2649,2649,1199277.112,13:09:53:098,Trial006,06 b joie triste.jpg,0.0,5980.728,11,Coral,59.8589,Eye,Fixation,4,13.6343,13.6343,3.4660,817.8101,739.8596,triste droite,,Local,5,0.0000,0.0000,0.0000,-78.4586,-36.6290,692.8086,1004.1704,642.0536,-,-,-,-,-,-,-,-
2650,2650,1199296.991,13:09:53:118,Trial006,06 b joie triste.jpg,0.0,5980.728,11,Coral,59.8589,Eye,Fixation,4,12.8018,12.8018,3.2570,846.5287,735.7556,triste droite,,Local,5,0.0000,0.0000,0.0000,-78.4596,-36.7204,692.6796,1003.8939,642.3987,-,-,-,-,-,-,-,-
2651,2651,1199316.862,13:09:53:138,Trial006,06 b joie triste.jpg,0.0,5980.728,11,Coral,59.8589,Eye,Fixation,4,12.6045,12.6045,3.2050,833.8081,733.6707,triste droite,,Local,5,0.0000,0.0000,0.0000,-78.4008,-36.8835,692.0976,1003.9801,643.0072,-,-,-,-,-,-,-,-
2652,2652,1199336.736,13:09:53:158,Trial006,06 b joie triste.jpg,0.0,5980.728,11,Coral,59.8589,Eye,Fixation,4,12.2101,12.2101,3.1034,862.7671,739.7826,triste droite,,Local,5,0.0000,0.0000,0.0000,-78.2651,-36.9149,691.4240,1004.0436,643.5566,-,-,-,-,-,-,-,-
2653,2653,1199356.623,13:09:53:178,Trial006,06 b joie triste.jpg,0.0,5980.728,11,Coral,59.8589,Eye,Fixation,4,0.0000,0.0000,3.3548,816.2757,734.0802,triste droite,,Local,5,0.0000,0.0000,0.0000,-78.2651,-36.9149,691.4240,0.0000,0.0000,-,-,-,-,-,-,-,-
2654,2654,1199376.488,13:09:53:198,Trial006,06 b joie triste.jpg,0.0,5980.728,11,Coral,59.8589,Eye,Fixation,4,13.8899,13.8899,3.5245,846.5655,737.3166,triste droite,,Local,5,0.0000,0.0000,0.0000,-78.3041,-37.1190,691.7038,1003.9330,644.2305,-,-,-,-,-,-,-,-
2655,2655,1199396.373,13:09:53:218,Trial006,06 b joie triste.jpg,0.0,5980.728,11,Coral,59.8589,Eye,Fixation,4,13.7408,13.7408,3.4878,827.8800,735.6381,triste droite,,Local,5,0.0000,0.0000,0.0000,-78.2579,-37.2148,691.8284,1003.9962,644.4563,-,-,-,-,-,-,-,-
2656,2656,1199416.364,13:09:53:238,Trial006,06 b joie triste.jpg,0.0,5980.728,11,Coral,59.8589,Eye,Fixation,4,13.7723,13.7723,3.4967,844.2995,736.6402,triste droite,,Local,5,0.0000,0.0000,0.0000,-78.3110,-37.3102,692.0174,1003.7725,644.7099,-,-,-,-,-,-,-,-
2657,2657,1199436.245,13:09:53:258,Trial006,06 b joie triste.jpg,0.0,5980.728,11,Coral,59.8589,Eye,Fixation,4,13.5867,13.5867,3.4551,852.0945,735.2413,triste droite,,Local,5,0.0000,0.0000,0.0000,-78.4162,-37.4415,692.9847,1003.5926,644.8774,-,-,-,-,-,-,-,-
2658,2658,1199456.119,13:09:53:277,Trial006,06 b joie triste.jpg,0.0,5980.728,11,Coral,59.8589,Eye,Saccade,4,13.9572,13.9572,3.5460,847.4416,740.6396,triste droite,,Local,5,0.0000,0.0000,0.0000,-78.4074,-37.4965,692.6048,1003.9507,645.3207,-,-,-,-,-,-,-,-
2659,2659,1199475.993,13:09:53:297,Trial006,06 b joie triste.jpg,0.0,5980.728,11,Coral,59.8589,Eye,Saccade,4,13.5343,13.5343,3.4366,681.3054,677.4587,White Space,,Local,7,0.0000,0.0000,0.0000,-78.6762,-37.4003,691.8574,1006.5362,644.4838,-,-,-,-,-,-,-,-
2660,2660,1199495.867,13:09:53:317,Trial006,06 b joie triste.jpg,0.0,5980.728,11,Coral,59.8589,Eye,Saccade,4,14.2696,14.2696,3.6268,403.7511,617.5386,bouche joie,,Local,2,0.0000,0.0000,0.0000,-79.4832,-37.4576,692.9880,1010.8289,644.6437,-,-,-,-,-,-,-,-
2661,2661,1199515.743,13:09:53:337,Trial006,06 b joie triste.jpg,0.0,5980.728,11,Coral,59.8589,Eye,Fixation,5,14.1001,14.1001,3.5868,315.6844,571.5357,joie gauche,,Local,6,0.0000,0.0000,0.0000,-79.7367,-37.5259,693.4439,1011.9362,644.7608,-,-,-,-,-,-,-,-
2662,2662,1199535.614,13:09:53:357,Trial006,06 b joie triste.jpg,0.0,5980.728,11,Coral,59.8589,Eye,Fixation,5,14.0863,14.0863,3.5859,300.0830,560.0274,joie gauche,,Local,6,0.0000,0.0000,0.0000,-79.8189,-37.5985,693.9303,1012.3653,644.7424,-,-,-,-,-,-,-,-
2663,2663,1199555.493,13:09:53:377,Trial006,06 b joie triste.jpg,0.0,5980.728,11,Coral,59.8589,Eye,Fixation,5,13.7008,13.7008,3.4897,307.3584,557.9101,joie gauche,,Local,6,0.0000,0.0000,0.0000,-79.8885,-37.6682,694.0159,1012.3660,644.8481,-,-,-,-,-,-,-,-
2664,2664,1199575.487,13:09:53:397,Trial006,06 b joie triste.jpg,0.0,5980.728,11,Coral,59.8589,Eye,Fixation,5,13.8569,13.8569,3.5282,312.9329,561.1056,joie gauche,,Local,6,0.0000,0.0000,0.0000,-79.9210,-37.7164,693.8747,1012.5431,645.2550,-,-,-,-,-,-,-,-
2665,2665,1199595.354,13:09:53:417,Trial006,06 b joie triste.jpg,0.0,5980.728,11,Coral,59.8589,Eye,Fixation,5,14.1512,14.1512,3.5970,311.6372,558.7973,joie gauche,,Local,6,0.0000,0.0000,0.0000,-79.8633,-37.7254,692.9149,1012.7530,645.4889,-,-,-,-,-,-,-,-
2666,2666,1199615.241,13:09:53:437,Trial006,06 b joie triste.jpg,0.0,5980.728,11,Coral,59.8589,Eye,Fixation,5,13.9445,13.9445,3.5433,310.3288,555.5501,joie gauche,,Local,6,0.0000,0.0000,0.0000,-79.7880,-37.7425,692.5368,1012.5899,645.4646,-,-,-,-,-,-,-,-
2667,2667,1199635.111,13:09:53:456,Trial006,06 b joie triste.jpg,0.0,5980.728,11,Coral,59.8589,Eye,Fixation,5,13.9033,13.9033,3.5313,309.0326,550.1296,joie gauche,,Local,6,0.0000,0.0000,0.0000,-79.7457,-37.7264,692.1969,1012.6222,645.4848,-,-,-,-,-,-,-,-
2668,2668,1199654.991,13:09:53:476,Trial006,06 b joie triste.jpg,0.0,5980.728,11,Coral,59.8589,Eye,Fixation,5,13.8333,13.8333,3.5121,310.2223,563.1847,joie gauche,,Local,6,0.0000,0.0000,0.0000,-79.7057,-37.7105,691.8675,1012.6261,645.8327,-,-,-,-,-,-,-,-
2669,2669,1199674.865,13:09:53:496,Trial006,06 b joie triste.jpg,0.0,5980.728,11,Coral,59.8589,Eye,Fixation,5,13.5902,13.5902,3.4469,307.5712,560.5239,joie gauche,,Local,6,0.0000,0.0000,0.0000,-79.5727,-37.6982,690.9935,1012.6686,645.7463,-,-,-,-,-,-,-,-
2670,2670,1199694.735,13:09:53:516,Trial006,06 b joie triste.jpg,0.0,5980.728,11,Coral,59.8589,Eye,Fixation,5,13.8226,13.8226,3.5007,304.9410,560.4029,joie gauche,,Local,6,0.0000,0.0000,0.0000,-79.4735,-37.6537,690.1409,1012.7717,645.8396,-,-,-,-,-,-,-,-
2671,2671,1199714.735,13:09:53:536,Trial006,06 b joie triste.jpg,0.0,5980.728,11,Coral,59.8589,Eye,Fixation,5,13.8226,13.8226,3.4981,303.6824,557.5478,joie gauche,,Local,6,0.0000,0.0000,0.0000,-79.4331,-37.6505,689.6303,1012.7717,645.8396,-,-,-,-,-,-,-,-
2672,2672,1199734.614,13:09:53:556,Trial006,06 b joie triste.jpg,0.0,5980.728,11,Coral,59.8589,Eye,Fixation,5,13.7453,13.7453,3.4765,305.0476,562.3133,joie gauche,,Local,6,0.0000,0.0000,0.0000,-79.3810,-37.6243,689.1634,1012.6977,645.8135,-,-,-,-,-,-,-,-
2673,2673,1199754.491,13:09:53:576,Trial006,06 b joie triste.jpg,0.0,5980.728,11,Coral,59.8589,Eye,Fixation,5,13.8515,13.8515,3.4990,304.6925,569.0583,joie gauche,,Local,6,0.0000,0.0000,0.0000,-79.2749,-37.5579,688.4040,1012.7820,645.8604,-,-,-,-,-,-,-,-
2674,2674,1199774.358,13:09:53:596,Trial006,06 b joie triste.jpg,0.0,5980.728,11,Coral,59.8589,Eye,Fixation,5,13.6473,13.6473,3.4459,303.4528,566.0913,joie gauche,,Local,6,0.0000,0.0000,0.0000,-79.2347,-37.5128,687.9328,1012.6806,645.6804,-,-,-,-,-,-,-,-
2675,2675,1199794.233,13:09:53:616,Trial006,06 b joie triste.jpg,0.0,5980.728,11,Coral,59.8589,Eye,Fixation,5,13.7446,13.7446,3.4674,299.7172,568.6624,joie gauche,,Local,6,0.0000,0.0000,0.0000,-79.1422,-37.5019,687.4008,1012.7157,645.7926,-,-,-,-,-,-,-,-
2676,2676,1199814.114,13:09:53:635,Trial006,06 b joie triste.jpg,0.0,5980.728,11,Coral,59.8589,Eye,Fixation,5,13.7599,13.7599,3.4746,300.6513,579.3663,joie gauche,,Local,6,0.0000,0.0000,0.0000,-79.1532,-37.5023,688.0926,1012.4027,645.7268,-,-,-,-,-,-,-,-
2677,2677,1199833.976,13:09:53:655,Trial006,06 b joie triste.jpg,0.0,5980.728,11,Coral,59.8589,Eye,Fixation,5,14.0680,14.0680,3.5534,301.6517,562.5279,joie gauche,,Local,6,0.0000,0.0000,0.0000,-79.1640,-37.5028,688.5212,1012.0420,645.3298,-,-,-,-,-,-,-,-
2678,2678,1199853.86,13:09:53:675,Trial006,06 b joie triste.jpg,0.0,5980.728,11,Coral,59.8589,Eye,Fixation,5,14.2265,14.2265,3.5943,301.2995,571.8130,joie gauche,,Local,6,0.0000,0.0000,0.0000,-79.1517,-37.4093,688.8116,1011.8724,645.1471,-,-,-,-,-,-,-,-
2679,2679,1199873.854,13:09:53:695,Trial006,06 b joie triste.jpg,0.0,5980.728,11,Coral,59.8589,Eye,Fixation,5,13.0706,13.0706,3.3057,300.0975,608.9902,bouche joie,,Local,2,0.0000,0.0000,0.0000,-79.0664,-37.2654,688.6393,1011.9838,645.9060,-,-,-,-,-,-,-,-
2680,2680,1199893.731,13:09:53:715,Trial006,06 b joie triste.jpg,0.0,5980.728,11,Coral,59.8589,Eye,Blink,3,0.0000,0.0000,3.4771,0.0000,0.0000,-,-,-,-,0.0000,0.0000,0.0000,-78.8599,-37.6257,690.3542,0.0000,0.0000,-,-,-,-,-,-,-,-
2681,2681,1199913.62,13:09:53:735,Trial006,06 b joie triste.jpg,0.0,5980.728,11,Coral,59.8589,Eye,Blink,3,0.0000,0.0000,3.4771,0.0000,0.0000,-,-,-,-,0.0000,0.0000,0.0000,-78.8599,-37.6257,690.3542,0.0000,0.0000,-,-,-,-,-,-,-,-
2682,2682,1199933.486,13:09:53:755,Trial006,06 b joie triste.jpg,0.0,5980.728,11,Coral,59.8589,Eye,Blink,3,9.4924,9.4924,3.4771,0.0000,0.0000,-,-,-,-,0.0000,0.0000,0.0000,-78.8599,-37.6257,690.3542,1043.9961,658.0124,-,-,-,-,-,-,-,-
2683,2683,1199953.36,13:09:53:775,Trial006,06 b joie triste.jpg,0.0,5980.728,11,Coral,59.8589,Eye,Blink,3,0.0000,0.0000,3.4771,0.0000,0.0000,-,-,-,-,0.0000,0.0000,0.0000,-78.8599,-37.6257,690.3542,0.0000,0.0000,-,-,-,-,-,-,-,-
2684,2684,1199973.22,13:09:53:794,Trial006,06 b joie triste.jpg,0.0,5980.728,11,Coral,59.8589,Eye,Blink,3,0.0000,0.0000,3.4771,0.0000,0.0000,-,-,-,-,0.0000,0.0000,0.0000,-78.8599,-37.6257,690.3542,0.0000,0.0000,-,-,-,-,-,-,-,-
2685,2685,1199993.108,13:09:53:814,Trial006,06 b joie triste.jpg,0.0,5980.728,11,Coral,59.8589,Eye,Blink,3,0.0000,0.0000,3.4771,0.0000,0.0000,-,-,-,-,0.0000,0.0000,0.0000,-78.8599,-37.6257,690.3542,0.0000,0.0000,-,-,-,-,-,-,-,-
2686,2686,1200013.115,13:09:53:834,Trial006,06 b joie triste.jpg,0.0,5980.728,11,Coral,59.8589,Eye,Blink,3,0.0000,0.0000,3.4771,0.0000,0.0000,-,-,-,-,0.0000,0.0000,0.0000,-78.8599,-37.6257,690.3542,0.0000,0.0000,-,-,-,-,-,-,-,-
2687,2687,1200032.977,13:09:53:854,Trial006,06 b joie triste.jpg,0.0,5980.728,11,Coral,59.8589,Eye,Saccade,5,16.4347,16.4347,4.1533,126.5703,534.3867,joie gauche,,Local,6,0.0000,0.0000,0.0000,-74.7000,-37.3248,690.8877,996.5159,644.0937,-,-,-,-,-,-,-,-
2688,2688,1200052.859,13:09:53:874,Trial006,06 b joie triste.jpg,0.0,5980.728,11,Coral,59.8589,Eye,Fixation,6,14.2138,14.2138,3.6076,192.7189,550.6364,joie gauche,,Local,6,0.0000,0.0000,0.0000,-79.1051,-37.4078,692.0133,1011.0292,645.0308,-,-,-,-,-,-,-,-
2689,2689,1200072.732,13:09:53:894,Trial006,06 b joie triste.jpg,0.0,5980.728,11,Coral,59.8589,Eye,Fixation,6,14.4063,14.4063,3.6598,203.5411,560.8535,joie gauche,,Local,6,0.0000,0.0000,0.0000,-79.1411,-37.4858,692.7981,1010.8765,645.0019,-,-,-,-,-,-,-,-
2690,2690,1200092.603,13:09:53:914,Trial006,06 b joie triste.jpg,0.0,5980.728,11,Coral,59.8589,Eye,Fixation,6,14.9832,14.9832,3.8078,239.8117,552.1029,joie gauche,,Local,6,0.0000,0.0000,0.0000,-79.2088,-37.5207,693.4485,1010.5100,644.7910,-,-,-,-,-,-,-,-
2691,2691,1200112.479,13:09:53:934,Trial006,06 b joie triste.jpg,0.0,5980.728,11,Coral,59.8589,Eye,Fixation,6,14.8588,14.8588,3.7725,227.7698,561.0201,joie gauche,,Local,6,0.0000,0.0000,0.0000,-79.0458,-37.4435,692.6939,1010.4237,644.9061,-,-,-,-,-,-,-,-
2692,2692,1200132.345,13:09:53:954,Trial006,06 b joie triste.jpg,0.0,5980.728,11,Coral,59.8589,Eye,Fixation,6,14.8197,14.8197,3.7592,229.7139,563.9339,joie gauche,,Local,6,0.0000,0.0000,0.0000,-78.9384,-37.3793,692.0624,1010.1151,644.6185,-,-,-,-,-,-,-,-
2693,2693,1200152.348,13:09:53:974,Trial006,06 b joie triste.jpg,0.0,5980.728,11,Coral,59.8589,Eye,Fixation,6,14.5625,14.5625,3.6934,228.4943,563.7757,joie gauche,,Local,6,0.0000,0.0000,0.0000,-78.8483,-37.3246,691.8014,1010.0512,644.4486,-,-,-,-,-,-,-,-
2694,2694,1200172.229,13:09:53:994,Trial006,06 b joie triste.jpg,0.0,5980.728,11,Coral,59.8589,Eye,Fixation,6,14.5519,14.5519,3.6948,233.3155,564.7496,joie gauche,,Local,6,0.0000,0.0000,0.0000,-78.8794,-37.3271,692.5540,1009.7376,644.3728,-,-,-,-,-,-,-,-
2695,2695,1200192.099,13:09:54:013,Trial006,06 b joie triste.jpg,0.0,5980.728,11,Coral,59.8589,Eye,Fixation,6,14.2960,14.2960,3.6344,232.2791,568.5739,joie gauche,,Local,6,0.0000,0.0000,0.0000,-78.8833,-37.3329,693.2746,1009.4956,644.3563,-,-,-,-,-,-,-,-
2696,2696,1200211.979,13:09:54:033,Trial006,06 b joie triste.jpg,0.0,5980.728,11,Coral,59.8589,Eye,Fixation,6,14.0248,14.0248,3.5661,234.8497,565.3305,joie gauche,,Local,6,0.0000,0.0000,0.0000,-78.7964,-37.3153,693.2109,1009.0663,644.3061,-,-,-,-,-,-,-,-
2697,2697,1200231.848,13:09:54:053,Trial006,06 b joie triste.jpg,0.0,5980.728,11,Coral,59.8589,Eye,Fixation,6,14.0226,14.0226,3.5633,232.5023,548.0427,joie gauche,,Local,6,0.0000,0.0000,0.0000,-78.6962,-37.2837,692.7748,1009.0069,644.3462,-,-,-,-,-,-,-,-
2698,2698,1200251.724,13:09:54:073,Trial006,06 b joie triste.jpg,0.0,5980.728,11,Coral,59.8589,Eye,Fixation,6,13.9809,13.9809,3.5493,255.8779,569.4737,joie gauche,,Local,6,0.0000,0.0000,0.0000,-78.5942,-37.2192,692.0885,1009.1020,644.0762,-,-,-,-,-,-,-,-
2699,2699,1200271.603,13:09:54:093,Trial006,06 b joie triste.jpg,0.0,5980.728,11,Coral,59.8589,Eye,Fixation,6,13.5854,13.5854,3.4501,236.8608,563.1145,joie gauche,,Local,6,0.0000,0.0000,0.0000,-78.5519,-37.1944,692.0203,1008.6835,643.8139,-,-,-,-,-,-,-,-
2700,2700,1200291.482,13:09:54:113,Trial006,06 b joie triste.jpg,0.0,5980.728,11,Coral,59.8589,Eye,Fixation,6,13.5856,13.5856,3.4536,237.9125,568.4089,joie gauche,,Local,6,0.0000,0.0000,0.0000,-78.5896,-37.2142,692.7298,1008.6529,644.1134,-,-,-,-,-,-,-,-
2701,2701,1200311.478,13:09:54:133,Trial006,06 b joie triste.jpg,0.0,5980.728,11,Coral,59.8589,Eye,Fixation,6,13.4148,13.4148,3.4131,236.7739,566.9682,joie gauche,,Local,6,0.0000,0.0000,0.0000,-78.6272,-37.2379,693.1780,1008.6473,643.7560,-,-,-,-,-,-,-,-
2702,2702,1200331.354,13:09:54:153,Trial006,06 b joie triste.jpg,0.0,5980.728,11,Coral,59.8589,Eye,Fixation,6,13.1933,13.1933,3.3543,238.7120,569.5174,joie gauche,,Local,6,0.0000,0.0000,0.0000,-78.4905,-37.1605,692.5077,1008.5662,643.6001,-,-,-,-,-,-,-,-
2703,2703,1200351.224,13:09:54:173,Trial006,06 b joie triste.jpg,0.0,5980.728,11,Coral,59.8589,Eye,Fixation,6,12.4163,12.4163,3.1581,225.5963,556.1882,joie gauche,,Local,6,0.0000,0.0000,0.0000,-78.4216,-37.0731,692.1143,1008.7629,643.1631,-,-,-,-,-,-,-,-
2704,2704,1200371.106,13:09:54:192,Trial006,06 b joie triste.jpg,0.0,5980.728,11,Coral,59.8589,Eye,Fixation,6,12.3729,12.3729,3.1469,236.3157,558.0253,joie gauche,,Local,6,0.0000,0.0000,0.0000,-78.3938,-36.9850,692.0585,1008.4956,642.9318,-,-,-,-,-,-,-,-
2705,2705,1200390.972,13:09:54:212,Trial006,06 b joie triste.jpg,0.0,5980.728,11,Coral,59.8589,Eye,Fixation,6,12.5253,12.5253,3.1822,238.9956,566.6864,joie gauche,,Local,6,0.0000,0.0000,0.0000,-78.2916,-36.8943,691.4522,1008.1312,642.7983,-,-,-,-,-,-,-,-
2706,2706,1200410.855,13:09:54:232,Trial006,06 b joie triste.jpg,0.0,5980.728,11,Coral,59.8589,Eye,Fixation,6,11.8340,11.8340,3.0097,229.8767,550.6684,joie gauche,,Local,6,0.0000,0.0000,0.0000,-78.2956,-36.7973,691.4928,1008.4428,642.0154,-,-,-,-,-,-,-,-
2707,2707,1200430.73,13:09:54:252,Trial006,06 b joie triste.jpg,0.0,5980.728,11,Coral,59.8589,Eye,Saccade,6,12.5709,12.5709,3.1964,234.0980,561.6115,joie gauche,,Local,6,0.0000,0.0000,0.0000,-78.2597,-36.6376,692.0830,1007.8674,641.7134,-,-,-,-,-,-,-,-
2708,2708,1200450.595,13:09:54:272,Trial006,06 b joie triste.jpg,0.0,5980.728,11,Coral,59.8589,Eye,Saccade,6,0.0000,0.0000,3.2730,125.1012,559.0484,joie gauche,,Local,6,0.0000,0.0000,0.0000,-78.2597,-36.6376,692.0830,0.0000,0.0000,-,-,-,-,-,-,-,-
2709,2709,1200470.6,13:09:54:292,Trial006,06 b joie triste.jpg,0.0,5980.728,11,Coral,59.8589,Eye,-,-,6.0714,6.0714,3.2730,0.0366,0.0000,White Space,,Local,7,0.0000,0.0000,0.0000,-78.3031,-36.2233,693.4866,1025.0221,643.5950,-,-,-,-,-,-,-,-
2710,2710,1200490.471,13:09:54:312,Trial006,06 b joie triste.jpg,0.0,5980.728,11,Coral,59.8589,Eye,-,-,6.2106,6.2106,3.2730,0.0182,0.0000,White Space,,Local,7,0.0000,0.0000,0.0000,-78.0359,-36.5238,695.0125,1017.0399,645.8061,-,-,-,-,-,-,-,-
2711,2711,1200510.34,13:09:54:332,Trial006,06 b joie triste.jpg,0.0,5980.728,11,Coral,59.8589,Eye,-,-,0.0000,0.0000,3.2730,0.0120,0.0000,White Space,,Local,7,0.0000,0.0000,0.0000,-77.9286,-36.6008,696.4779,0.0000,0.0000,-,-,-,-,-,-,-,-
2712,2712,1200530.228,13:09:54:352,Trial006,06 b joie triste.jpg,0.0,5980.728,11,Coral,59.8589,Eye,-,-,0.0000,0.0000,3.2730,216.0259,1125.5805,-,-,-,-,0.0000,0.0000,0.0000,-78.0860,-36.6748,697.8847,0.0000,0.0000,-,-,-,-,-,-,-,-
2713,2713,1200550.098,13:09:54:371,Trial006,06 b joie triste.jpg,0.0,5980.728,11,Coral,59.8589,Eye,-,-,0.0000,0.0000,3.2730,0.0088,0.0000,White Space,,Local,7,0.0000,0.0000,0.0000,-77.6915,-36.7458,699.2365,0.0000,0.0000,-,-,-,-,-,-,-,-
2714,2714,1200569.979,13:09:54:391,Trial006,06 b joie triste.jpg,0.0,5980.728,11,Coral,59.8589,Eye,Saccade,7,16.6892,16.6892,4.2666,266.0425,752.9440,joie gauche,,Local,6,0.0000,0.0000,0.0000,-77.7162,-36.4533,698.8754,1007.7983,645.8076,-,-,-,-,-,-,-,-
2715,2715,1200589.846,13:09:54:411,Trial006,06 b joie triste.jpg,0.0,5980.728,11,Coral,59.8589,Eye,Saccade,7,10.2741,10.2741,3.4515,200.0197,635.4874,bouche joie,,Local,2,0.0000,0.0000,0.0000,-77.4801,-36.4788,698.4808,1003.2571,641.7762,-,-,-,-,-,-,-,-
2716,2716,1200609.717,13:09:54:431,Trial006,06 b joie triste.jpg,0.0,5980.728,11,Coral,59.8589,Eye,Fixation,7,13.5687,13.5687,3.4800,312.3044,630.5155,bouche joie,,Local,2,0.0000,0.0000,0.0000,-77.3763,-36.5385,699.1388,1001.0129,640.8615,-,-,-,-,-,-,-,-
2717,2717,1200629.722,13:09:54:451,Trial006,06 b joie triste.jpg,0.0,5980.728,11,Coral,59.8589,Eye,Fixation,7,13.7515,13.7515,3.5199,289.6160,619.0957,bouche joie,,Local,2,0.0000,0.0000,0.0000,-77.1348,-36.5582,697.9031,1000.7176,640.7337,-,-,-,-,-,-,-,-
2718,2718,1200649.593,13:09:54:471,Trial006,06 b joie triste.jpg,0.0,5980.728,11,Coral,59.8589,Eye,Fixation,7,13.8506,13.8506,3.5468,302.0780,618.4503,bouche joie,,Local,2,0.0000,0.0000,0.0000,-74.9230,-35.5318,698.5743,992.3241,636.7223,-,-,-,-,-,-,-,-
2719,2719,1200669.471,13:09:54:491,Trial006,06 b joie triste.jpg,0.0,5980.728,11,Coral,59.8589,Eye,Fixation,7,14.2235,14.2235,3.6384,303.7941,619.2735,bouche joie,,Local,2,0.0000,0.0000,0.0000,-76.9229,-36.6287,697.8317,1000.0240,640.8880,-,-,-,-,-,-,-,-
2720,2720,1200689.342,13:09:54:511,Trial006,06 b joie triste.jpg,0.0,5980.728,11,Coral,59.8589,Eye,Fixation,7,14.2206,14.2206,3.6356,305.4810,619.5657,bouche joie,,Local,2,0.0000,0.0000,0.0000,-76.8049,-36.6038,697.4502,999.7816,640.8930,-,-,-,-,-,-,-,-
2721,2721,1200709.218,13:09:54:530,Trial006,06 b joie triste.jpg,0.0,5980.728,11,Coral,59.8589,Eye,Fixation,7,14.0872,14.0872,3.6066,310.7199,628.6664,bouche joie,,Local,2,0.0000,0.0000,0.0000,-76.8357,-36.6594,698.3512,999.3744,641.0802,-,-,-,-,-,-,-,-
2722,2722,1200729.094,13:09:54:550,Trial006,06 b joie triste.jpg,0.0,5980.728,11,Coral,59.8589,Eye,Fixation,7,14.0821,14.0821,3.6049,299.7581,599.4845,joie gauche,,Local,6,0.0000,0.0000,0.0000,-76.8354,-36.5372,698.2579,999.7417,640.3339,-,-,-,-,-,-,-,-
2723,2723,1200748.967,13:09:54:570,Trial006,06 b joie triste.jpg,0.0,5980.728,11,Coral,59.8589,Eye,Fixation,7,13.5447,13.5447,3.4696,299.6938,590.4509,joie gauche,,Local,6,0.0000,0.0000,0.0000,-76.8344,-36.5243,698.3208,999.5952,640.0523,-,-,-,-,-,-,-,-
2724,2724,1200768.846,13:09:54:590,Trial006,06 b joie triste.jpg,0.0,5980.728,11,Coral,59.8589,Eye,Fixation,7,13.7832,13.7832,3.5269,298.6587,584.9155,joie gauche,,Local,6,0.0000,0.0000,0.0000,-76.8072,-36.4643,697.7567,999.7162,639.9124,-,-,-,-,-,-,-,-
2725,2725,1200788.718,13:09:54:610,Trial006,06 b joie triste.jpg,0.0,5980.728,11,Coral,59.8589,Eye,Fixation,7,13.7340,13.7340,3.5115,293.6968,569.5946,joie gauche,,Local,6,0.0000,0.0000,0.0000,-76.7527,-36.4298,697.1476,999.6987,639.8414,-,-,-,-,-,-,-,-
2726,2726,1200808.713,13:09:54:630,Trial006,06 b joie triste.jpg,0.0,5980.728,11,Coral,59.8589,Eye,Fixation,7,14.2751,14.2751,3.6488,295.5808,590.6533,joie gauche,,Local,6,0.0000,0.0000,0.0000,-76.8731,-36.3950,697.3419,999.9024,640.2213,-,-,-,-,-,-,-,-
2727,2727,1200828.595,13:09:54:650,Trial006,06 b joie triste.jpg,0.0,5980.728,11,Coral,59.8589,Eye,-,-,13.4157,13.4157,3.4368,284.3676,556.9290,joie gauche,,Local,6,0.0000,0.0000,0.0000,-77.0158,-36.4403,698.2385,1000.4109,639.6962,-,-,-,-,-,-,-,-
2728,2728,1200848.462,13:09:54:670,Trial006,06 b joie triste.jpg,0.0,5980.728,11,Coral,59.8589,Eye,-,-,13.5999,13.5999,3.4789,286.7610,554.0706,joie gauche,,Local,6,0.0000,0.0000,0.0000,-77.0145,-36.4299,697.3684,1000.4575,639.8123,-,-,-,-,-,-,-,-
2729,2729,1200868.35,13:09:54:690,Trial006,06 b joie triste.jpg,0.0,5980.728,11,Coral,59.8589,Eye,-,-,13.4351,13.4351,3.4343,287.1703,547.2019,joie gauche,,Local,6,0.0000,0.0000,0.0000,-76.9719,-36.4253,696.7259,1000.5215,640.0472,-,-,-,-,-,-,-,-
2730,2730,1200888.217,13:09:54:709,Trial006,06 b joie triste.jpg,0.0,5980.728,11,Coral,59.8589,Eye,-,-,13.6317,13.6317,3.4800,281.7089,561.5951,joie gauche,,Local,6,0.0000,0.0000,0.0000,-76.9063,-36.3673,695.9744,1000.7340,639.9769,-,-,-,-,-,-,-,-
2731,2731,1200908.089,13:09:54:729,Trial006,06 b joie triste.jpg,0.0,5980.728,11,Coral,59.8589,Eye,-,-,13.7356,13.7356,3.5038,281.6293,559.2481,joie gauche,,Local,6,0.0000,0.0000,0.0000,-76.8709,-36.2769,695.5075,1000.6842,639.8826,-,-,-,-,-,-,-,-
2732,2732,1200927.963,13:09:54:749,Trial006,06 b joie triste.jpg,0.0,5980.728,11,Coral,59.8589,Eye,Blink,4,6.1503,6.1503,3.5026,0.0000,0.0000,-,-,-,-,0.0000,0.0000,0.0000,-76.7777,-36.1238,694.9875,1004.3844,640.8590,-,-,-,-,-,-,-,-
2733,2733,1200947.84,13:09:54:769,Trial006,06 b joie triste.jpg,0.0,5980.728,11,Coral,59.8589,Eye,Blink,4,0.0000,0.0000,3.5026,0.0000,0.0000,-,-,-,-,0.0000,0.0000,0.0000,-76.6923,-36.3279,693.8872,0.0000,0.0000,-,-,-,-,-,-,-,-
2734,2734,1200967.839,13:09:54:789,Trial006,06 b joie triste.jpg,0.0,5980.728,11,Coral,59.8589,Eye,Blink,4,7.9788,7.9788,3.5026,0.0000,0.0000,-,-,-,-,0.0000,0.0000,0.0000,-76.6923,-36.3279,693.8872,1034.6484,651.8057,-,-,-,-,-,-,-,-
2735,2735,1200987.716,13:09:54:809,Trial006,06 b joie triste.jpg,0.0,5980.728,11,Coral,59.8589,Eye,Blink,4,0.0000,0.0000,3.5026,0.0000,0.0000,-,-,-,-,0.0000,0.0000,0.0000,-76.6923,-36.3279,693.8872,0.0000,0.0000,-,-,-,-,-,-,-,-
2736,2736,1201007.585,13:09:54:829,Trial006,06 b joie triste.jpg,0.0,5980.728,11,Coral,59.8589,Eye,Blink,4,18.7952,18.7952,3.5026,0.0000,0.0000,-,-,-,-,0.0000,0.0000,0.0000,-76.6923,-36.3279,693.8872,1042.5120,659.3725,-,-,-,-,-,-,-,-
2737,2737,1201027.473,13:09:54:849,Trial006,06 b joie triste.jpg,0.0,5980.728,11,Coral,59.8589,Eye,Blink,4,0.0000,0.0000,3.5026,0.0000,0.0000,-,-,-,-,0.0000,0.0000,0.0000,-76.6923,-36.3279,693.8872,0.0000,0.0000,-,-,-,-,-,-,-,-
2738,2738,1201047.34,13:09:54:869,Trial006,06 b joie triste.jpg,0.0,5980.728,11,Coral,59.8589,Eye,Blink,4,5.3071,5.3071,3.5026,0.0000,0.0000,-,-,-,-,0.0000,0.0000,0.0000,-76.6923,-36.3279,693.8872,1041.9234,658.6814,-,-,-,-,-,-,-,-
2739,2739,1201189.168,13:09:55:010,Trial006,06 b joie triste.jpg,0.0,5980.728,11,Coral,59.8589,Eye,Blink,4,0.0000,0.0000,3.5026,0.0000,0.0000,-,-,-,-,0.0000,0.0000,0.0000,0.0000,0.0000,0.0000,0.0000,0.0000,-,-,-,-,-,-,-,-
2740,2740,1201233.298,13:09:55:055,Trial006,06 b joie triste.jpg,0.0,5980.728,11,Coral,59.8589,Eye,Blink,4,0.0000,0.0000,3.5026,0.0000,0.0000,-,-,-,-,0.0000,0.0000,0.0000,0.0000,0.0000,0.0000,0.0000,0.0000,-,-,-,-,-,-,-,-
2741,2741,1201277.298,13:09:55:099,Trial006,06 b joie triste.jpg,0.0,5980.728,11,Coral,59.8589,Eye,Blink,4,0.0000,0.0000,3.5026,0.0000,0.0000,-,-,-,-,0.0000,0.0000,0.0000,0.0000,0.0000,0.0000,0.0000,0.0000,-,-,-,-,-,-,-,-
2742,2742,1201321.295,13:09:55:143,Trial006,06 b joie triste.jpg,0.0,5980.728,11,Coral,59.8589,Eye,Blink,4,0.0000,0.0000,3.5026,0.0000,0.0000,-,-,-,-,0.0000,0.0000,0.0000,0.0000,0.0000,0.0000,0.0000,0.0000,-,-,-,-,-,-,-,-
2743,2743,1201365.418,13:09:55:187,Trial006,06 b joie triste.jpg,0.0,5980.728,11,Coral,59.8589,Eye,Blink,4,0.0000,0.0000,3.5026,0.0000,0.0000,-,-,-,-,0.0000,0.0000,0.0000,0.0000,0.0000,0.0000,0.0000,0.0000,-,-,-,-,-,-,-,-
2744,2744,1201409.413,13:09:55:231,Trial006,06 b joie triste.jpg,0.0,5980.728,11,Coral,59.8589,Eye,Blink,4,0.0000,0.0000,3.5026,0.0000,0.0000,-,-,-,-,0.0000,0.0000,0.0000,0.0000,0.0000,0.0000,0.0000,0.0000,-,-,-,-,-,-,-,-
2745,2745,1201453.417,13:09:55:275,Trial006,06 b joie triste.jpg,0.0,5980.728,11,Coral,59.8589,Eye,Blink,4,0.0000,0.0000,3.5026,0.0000,0.0000,-,-,-,-,0.0000,0.0000,0.0000,0.0000,0.0000,0.0000,0.0000,0.0000,-,-,-,-,-,-,-,-
2746,2746,1201497.418,13:09:55:319,Trial006,06 b joie triste.jpg,0.0,5980.728,11,Coral,59.8589,Eye,Blink,4,0.0000,0.0000,3.5026,0.0000,0.0000,-,-,-,-,0.0000,0.0000,0.0000,0.0000,0.0000,0.0000,0.0000,0.0000,-,-,-,-,-,-,-,-
2747,2747,1201541.543,13:09:55:363,Trial006,06 b joie triste.jpg,0.0,5980.728,11,Coral,59.8589,Eye,Blink,4,0.0000,0.0000,3.5026,0.0000,0.0000,-,-,-,-,0.0000,0.0000,0.0000,0.0000,0.0000,0.0000,0.0000,0.0000,-,-,-,-,-,-,-,-
2748,2748,1201585.543,13:09:55:407,Trial006,06 b joie triste.jpg,0.0,5980.728,11,Coral,59.8589,Eye,Blink,4,0.0000,0.0000,3.5026,0.0000,0.0000,-,-,-,-,0.0000,0.0000,0.0000,0.0000,0.0000,0.0000,0.0000,0.0000,-,-,-,-,-,-,-,-
2749,2749,1201629.541,13:09:55:451,Trial006,06 b joie triste.jpg,0.0,5980.728,11,Coral,59.8589,Eye,Blink,4,0.0000,0.0000,3.5026,0.0000,0.0000,-,-,-,-,0.0000,0.0000,0.0000,0.0000,0.0000,0.0000,0.0000,0.0000,-,-,-,-,-,-,-,-
2750,2750,1201673.667,13:09:55:495,Trial006,06 b joie triste.jpg,0.0,5980.728,11,Coral,59.8589,Eye,Blink,4,0.0000,0.0000,3.5026,0.0000,0.0000,-,-,-,-,0.0000,0.0000,0.0000,0.0000,0.0000,0.0000,0.0000,0.0000,-,-,-,-,-,-,-,-
2751,2751,1201717.666,13:09:55:539,Trial006,06 b joie triste.jpg,0.0,5980.728,11,Coral,59.8589,Eye,Blink,4,0.0000,0.0000,3.5026,0.0000,0.0000,-,-,-,-,0.0000,0.0000,0.0000,0.0000,0.0000,0.0000,0.0000,0.0000,-,-,-,-,-,-,-,-
2752,2752,1201761.668,13:09:55:583,Trial006,06 b joie triste.jpg,0.0,5980.728,11,Coral,59.8589,Eye,Blink,4,0.0000,0.0000,3.5026,0.0000,0.0000,-,-,-,-,0.0000,0.0000,0.0000,0.0000,0.0000,0.0000,0.0000,0.0000,-,-,-,-,-,-,-,-
2753,2753,1201805.782,13:09:55:627,Trial006,06 b joie triste.jpg,0.0,5980.728,11,Coral,59.8589,Eye,Blink,4,0.0000,0.0000,3.5026,0.0000,0.0000,-,-,-,-,0.0000,0.0000,0.0000,0.0000,0.0000,0.0000,0.0000,0.0000,-,-,-,-,-,-,-,-
2754,2754,1201963.46,13:09:55:785,Trial006,06 b joie triste.jpg,0.0,5980.728,11,Coral,59.8589,Eye,Blink,4,5.0000,4.0000,3.5026,0.0000,0.0000,-,-,-,-,0.0000,0.0000,0.0000,0.0000,0.0000,0.0000,977.8889,660.5556,-,-,-,-,-,-,-,-
2755,2755,1201983.323,13:09:55:805,Trial006,06 b joie triste.jpg,0.0,5980.728,11,Coral,59.8589,Eye,Blink,4,0.0000,0.0000,3.5026,170.8930,510.6967,joie gauche,,Local,6,0.0000,0.0000,0.0000,0.0000,0.0000,0.0000,0.0000,0.0000,-,-,-,-,-,-,-,-
2756,2756,1202003.207,13:09:55:824,Trial006,06 b joie triste.jpg,0.0,5980.728,11,Coral,59.8589,Eye,Saccade,8,15.3859,15.3859,3.9047,220.0064,533.3426,joie gauche,,Local,6,0.0000,0.0000,0.0000,-78.1518,-35.7619,692.9363,1007.1884,638.4888,-,-,-,-,-,-,-,-
2757,2757,1202023.076,13:09:55:844,Trial006,06 b joie triste.jpg,0.0,5980.728,11,Coral,59.8589,Eye,Saccade,8,15.2199,15.2199,3.8612,233.8306,539.8664,joie gauche,,Local,6,0.0000,0.0000,0.0000,-78.1253,-35.8206,692.5815,1007.0314,638.6031,-,-,-,-,-,-,-,-
2758,2758,1202042.945,13:09:55:864,Trial006,06 b joie triste.jpg,0.0,5980.728,11,Coral,59.8589,Eye,Saccade,8,14.8532,14.8532,3.7693,233.1524,540.7489,joie gauche,,Local,6,0.0000,0.0000,0.0000,-78.1158,-35.8361,692.5668,1007.0526,638.8547,-,-,-,-,-,-,-,-
2759,2759,1202062.951,13:09:55:884,Trial006,06 b joie triste.jpg,0.0,5980.728,11,Coral,59.8589,Eye,Saccade,8,14.0238,14.0238,3.5655,237.4583,531.9082,joie gauche,,Local,6,0.0000,0.0000,0.0000,-78.1556,-35.9174,693.2807,1006.7847,638.5719,-,-,-,-,-,-,-,-
2760,2760,1202082.821,13:09:55:904,Trial006,06 b joie triste.jpg,0.0,5980.728,11,Coral,59.8589,Eye,Saccade,8,13.4966,13.4966,3.4343,241.0773,535.6321,joie gauche,,Local,6,0.0000,0.0000,0.0000,-78.1344,-35.9019,693.4600,1006.5451,638.7504,-,-,-,-,-,-,-,-
2761,2761,1202102.701,13:09:55:924,Trial006,06 b joie triste.jpg,0.0,5980.728,11,Coral,59.8589,Eye,Saccade,8,12.9252,12.9252,3.2930,675.3166,514.0627,White Space,,Local,7,0.0000,0.0000,0.0000,-78.1255,-35.8987,693.8565,1006.3619,638.7428,-,-,-,-,-,-,-,-
2762,2762,1202122.57,13:09:55:944,Trial006,06 b joie triste.jpg,0.0,5980.728,11,Coral,59.8589,Eye,Saccade,8,11.6355,11.6355,2.9708,267.7583,520.9162,joie gauche,,Local,6,0.0000,0.0000,0.0000,-78.1383,-35.9281,694.1086,1006.5154,638.3568,-,-,-,-,-,-,-,-
2763,2763,1202142.457,13:09:55:964,Trial006,06 b joie triste.jpg,0.0,5980.728,11,Coral,59.8589,Eye,Saccade,8,2.0000,2.0000,3.4410,404.3353,482.7185,yeux joie,,Local,4,0.0000,0.0000,0.0000,-78.0337,-35.8711,693.8569,1004.1111,636.2222,-,-,-,-,-,-,-,-
2764,2764,1202162.322,13:09:55:984,Trial006,06 b joie triste.jpg,0.0,5980.728,11,Coral,59.8589,Eye,-,-,0.0000,0.0000,3.4410,204.7202,539.9758,joie gauche,,Local,6,0.0000,0.0000,0.0000,-78.0337,-35.8711,693.8569,0.0000,0.0000,-,-,-,-,-,-,-,-
2765,2765,1202182.197,13:09:56:003,Trial006,06 b joie triste.jpg,0.0,5980.728,11,Coral,59.8589,Eye,Fixation,8,13.0600,13.0600,3.3280,245.2702,547.1208,joie gauche,,Local,6,0.0000,0.0000,0.0000,-77.9108,-35.9122,694.1383,1005.4441,638.5638,-,-,-,-,-,-,-,-
2766,2766,1202202.075,13:09:56:023,Trial006,06 b joie triste.jpg,0.0,5980.728,11,Coral,59.8589,Eye,Fixation,8,11.7544,11.7544,2.9976,301.2895,526.5201,joie gauche,,Local,6,0.0000,0.0000,0.0000,-77.7076,-35.9189,693.4455,1005.0469,638.4196,-,-,-,-,-,-,-,-
2767,2767,1202222.067,13:09:56:043,Trial006,06 b joie triste.jpg,0.0,5980.728,11,Coral,59.8589,Eye,Fixation,8,11.8736,11.8736,3.0297,317.3529,550.2953,joie gauche,,Local,6,0.0000,0.0000,0.0000,-77.6564,-35.9772,693.9583,1004.5747,638.8907,-,-,-,-,-,-,-,-
2768,2768,1202241.955,13:09:56:063,Trial006,06 b joie triste.jpg,0.0,5980.728,11,Coral,59.8589,Eye,Fixation,8,11.0856,11.0856,2.8294,259.5880,539.9900,joie gauche,,Local,6,0.0000,0.0000,0.0000,-77.4603,-36.0508,693.2918,1004.2049,639.0712,-,-,-,-,-,-,-,-
2769,2769,1202261.823,13:09:56:083,Trial006,06 b joie triste.jpg,0.0,5980.728,11,Coral,59.8589,Eye,Fixation,8,10.0409,10.0409,2.5680,255.5647,528.0941,joie gauche,,Local,6,0.0000,0.0000,0.0000,-77.4171,-36.1469,693.3616,1003.7165,639.0933,-,-,-,-,-,-,-,-
2770,2770,1202281.695,13:09:56:103,Trial006,06 b joie triste.jpg,0.0,5980.728,11,Coral,59.8589,Eye,Saccade,9,9.8654,9.8654,2.5269,249.3256,538.6315,joie gauche,,Local,6,0.0000,0.0000,0.0000,-77.3650,-36.2315,694.1562,1003.4274,639.6547,-,-,-,-,-,-,-,-
2771,2771,1202301.578,13:09:56:123,Trial006,06 b joie triste.jpg,0.0,5980.728,11,Coral,59.8589,Eye,Saccade,9,0.0000,0.0000,2.9872,199.2946,533.8295,joie gauche,,Local,6,0.0000,0.0000,0.0000,-77.3650,-36.2315,694.1562,0.0000,0.0000,-,-,-,-,-,-,-,-
2772,2772,1202321.449,13:09:56:143,Trial006,06 b joie triste.jpg,0.0,5980.728,11,Coral,59.8589,Eye,Saccade,9,11.9336,11.9336,3.0464,242.3663,534.3569,joie gauche,,Local,6,0.0000,0.0000,0.0000,-77.0930,-36.3392,694.4011,1002.4231,640.0281,-,-,-,-,-,-,-,-
